# Time-averaged data for fix at1
# TimeStep v_pos
100 30.349
200 30.349
300 30.349
400 30.349
500 30.349
600 30.349
700 30.349
800 30.349
900 30.349
1000 30.349
1100 30.349
1200 30.349
1300 30.349
1400 30.349
1500 30.349
1600 30.349
1700 30.349
1800 30.349
1900 30.349
2000 30.349
2100 30.349
2200 30.349
2300 30.349
2400 30.349
2500 30.349
2600 30.349
2700 30.349
2800 30.349
2900 30.349
3000 30.349
3100 30.349
3200 30.349
3300 30.349
3400 30.349
3500 30.349
3600 30.349
3700 30.349
3800 30.349
3900 30.349
4000 30.349
4100 30.349
4200 30.349
4300 30.349
4400 30.349
4500 30.349
4600 30.349
4700 30.349
4800 30.349
4900 30.349
5000 30.349
5100 30.349
5200 30.349
5300 30.349
5400 30.349
5500 30.349
5600 30.349
5700 30.349
5800 30.349
5900 30.349
6000 30.349
6100 30.349
6200 30.349
6300 30.349
6400 30.349
6500 30.349
6600 30.349
6700 30.349
6800 30.349
6900 30.349
7000 30.349
7100 30.349
7200 30.349
7300 30.349
7400 30.349
7500 30.349
7600 30.349
7700 30.349
7800 30.349
7900 30.349
8000 30.349
8100 30.349
8200 30.349
8300 30.349
8400 30.349
8500 30.349
8600 30.349
8700 30.349
8800 30.349
8900 30.349
9000 30.349
9100 30.349
9200 30.349
9300 30.349
9400 30.349
9500 30.349
9600 30.349
9700 30.349
9800 30.349
9900 30.349
10000 30.349
10100 30.3506
10200 30.3536
10300 30.3566
10400 30.3596
10500 30.3626
10600 30.3656
10700 30.3686
10800 30.3716
10900 30.3746
11000 30.3776
11100 30.3806
11200 30.3836
11300 30.3866
11400 30.3896
11500 30.3926
11600 30.3956
11700 30.3986
11800 30.4016
11900 30.4046
12000 30.4076
12100 30.4106
12200 30.4136
12300 30.4166
12400 30.4196
12500 30.4226
12600 30.4256
12700 30.4286
12800 30.4316
12900 30.4346
13000 30.4376
13100 30.4406
13200 30.4436
13300 30.4466
13400 30.4496
13500 30.4526
13600 30.4556
13700 30.4586
13800 30.4616
13900 30.4646
14000 30.4676
14100 30.4706
14200 30.4736
14300 30.4766
14400 30.4796
14500 30.4826
14600 30.4856
14700 30.4886
14800 30.4916
14900 30.4946
15000 30.4976
15100 30.5006
15200 30.5036
15300 30.5066
15400 30.5096
15500 30.5126
15600 30.5156
15700 30.5186
15800 30.5216
15900 30.5246
16000 30.5276
16100 30.5306
16200 30.5336
16300 30.5366
16400 30.5396
16500 30.5426
16600 30.5456
16700 30.5486
16800 30.5516
16900 30.5546
17000 30.5576
17100 30.5606
17200 30.5636
17300 30.5666
17400 30.5696
17500 30.5726
17600 30.5756
17700 30.5786
17800 30.5816
17900 30.5846
18000 30.5876
18100 30.5906
18200 30.5936
18300 30.5966
18400 30.5996
18500 30.6026
18600 30.6056
18700 30.6086
18800 30.6116
18900 30.6146
19000 30.6176
19100 30.6206
19200 30.6236
19300 30.6266
19400 30.6296
19500 30.6326
19600 30.6356
19700 30.6386
19800 30.6416
19900 30.6446
20000 30.6476
20100 30.6506
20200 30.6536
20300 30.6566
20400 30.6596
20500 30.6626
20600 30.6656
20700 30.6686
20800 30.6716
20900 30.6746
21000 30.6776
21100 30.6806
21200 30.6836
21300 30.6866
21400 30.6896
21500 30.6926
21600 30.6956
21700 30.6986
21800 30.7016
21900 30.7046
22000 30.7076
22100 30.7106
22200 30.7136
22300 30.7166
22400 30.7196
22500 30.7226
22600 30.7256
22700 30.7286
22800 30.7316
22900 30.7346
23000 30.7376
23100 30.7406
23200 30.7436
23300 30.7466
23400 30.7496
23500 30.7526
23600 30.7556
23700 30.7586
23800 30.7616
23900 30.7646
24000 30.7676
24100 30.7706
24200 30.7736
24300 30.7766
24400 30.7796
24500 30.7826
24600 30.7856
24700 30.7886
24800 30.7916
24900 30.7946
25000 30.7976
25100 30.8006
25200 30.8036
25300 30.8066
25400 30.8096
25500 30.8126
25600 30.8156
25700 30.8186
25800 30.8216
25900 30.8246
26000 30.8276
26100 30.8306
26200 30.8336
26300 30.8366
26400 30.8396
26500 30.8426
26600 30.8456
26700 30.8486
26800 30.8516
26900 30.8546
27000 30.8576
27100 30.8606
27200 30.8636
27300 30.8666
27400 30.8696
27500 30.8726
27600 30.8756
27700 30.8786
27800 30.8816
27900 30.8846
28000 30.8876
28100 30.8906
28200 30.8936
28300 30.8966
28400 30.8996
28500 30.9026
28600 30.9056
28700 30.9086
28800 30.9116
28900 30.9146
29000 30.9176
29100 30.9206
29200 30.9236
29300 30.9266
29400 30.9296
29500 30.9326
29600 30.9356
29700 30.9386
29800 30.9416
29900 30.9446
30000 30.9476
30100 30.9506
30200 30.9536
30300 30.9566
30400 30.9596
30500 30.9626
30600 30.9656
30700 30.9686
30800 30.9716
30900 30.9746
31000 30.9776
31100 30.9806
31200 30.9836
31300 30.9866
31400 30.9896
31500 30.9926
31600 30.9956
31700 30.9986
31800 31.0016
31900 31.0046
32000 31.0076
32100 31.0106
32200 31.0136
32300 31.0166
32400 31.0196
32500 31.0226
32600 31.0256
32700 31.0286
32800 31.0316
32900 31.0346
33000 31.0376
33100 31.0406
33200 31.0436
33300 31.0466
33400 31.0496
33500 31.0526
33600 31.0556
33700 31.0586
33800 31.0616
33900 31.0646
34000 31.0676
34100 31.0706
34200 31.0736
34300 31.0766
34400 31.0796
34500 31.0826
34600 31.0856
34700 31.0886
34800 31.0916
34900 31.0946
35000 31.0976
35100 31.1006
35200 31.1036
35300 31.1066
35400 31.1096
35500 31.1126
35600 31.1156
35700 31.1186
35800 31.1216
35900 31.1246
36000 31.1276
36100 31.1306
36200 31.1336
36300 31.1366
36400 31.1396
36500 31.1426
36600 31.1456
36700 31.1486
36800 31.1516
36900 31.1546
37000 31.1576
37100 31.1606
37200 31.1636
37300 31.1666
37400 31.1696
37500 31.1726
37600 31.1756
37700 31.1786
37800 31.1816
37900 31.1846
38000 31.1876
38100 31.1906
38200 31.1936
38300 31.1966
38400 31.1996
38500 31.2026
38600 31.2056
38700 31.2086
38800 31.2116
38900 31.2146
39000 31.2176
39100 31.2206
39200 31.2236
39300 31.2266
39400 31.2296
39500 31.2326
39600 31.2356
39700 31.2386
39800 31.2416
39900 31.2446
40000 31.2476
40100 31.2506
40200 31.2536
40300 31.2566
40400 31.2596
40500 31.2626
40600 31.2656
40700 31.2686
40800 31.2716
40900 31.2746
41000 31.2776
41100 31.2806
41200 31.2836
41300 31.2866
41400 31.2896
41500 31.2926
41600 31.2956
41700 31.2986
41800 31.3016
41900 31.3046
42000 31.3076
42100 31.3106
42200 31.3136
42300 31.3166
42400 31.3196
42500 31.3226
42600 31.3256
42700 31.3286
42800 31.3316
42900 31.3346
43000 31.3376
43100 31.3406
43200 31.3436
43300 31.3466
43400 31.3496
43500 31.3526
43600 31.3556
43700 31.3586
43800 31.3616
43900 31.3646
44000 31.3676
44100 31.3706
44200 31.3736
44300 31.3766
44400 31.3796
44500 31.3826
44600 31.3856
44700 31.3886
44800 31.3916
44900 31.3946
45000 31.3976
45100 31.4006
45200 31.4036
45300 31.4066
45400 31.4096
45500 31.4126
45600 31.4156
45700 31.4186
45800 31.4216
45900 31.4246
46000 31.4276
46100 31.4306
46200 31.4336
46300 31.4366
46400 31.4396
46500 31.4426
46600 31.4456
46700 31.4486
46800 31.4516
46900 31.4546
47000 31.4576
47100 31.4606
47200 31.4636
47300 31.4666
47400 31.4696
47500 31.4726
47600 31.4756
47700 31.4786
47800 31.4816
47900 31.4846
48000 31.4876
48100 31.4906
48200 31.4936
48300 31.4966
48400 31.4996
48500 31.5026
48600 31.5056
48700 31.5086
48800 31.5116
48900 31.5146
49000 31.5176
49100 31.5206
49200 31.5236
49300 31.5266
49400 31.5296
49500 31.5326
49600 31.5356
49700 31.5386
49800 31.5416
49900 31.5446
50000 31.5476
50100 31.5506
50200 31.5536
50300 31.5566
50400 31.5596
50500 31.5626
50600 31.5656
50700 31.5686
50800 31.5716
50900 31.5746
51000 31.5776
51100 31.5806
51200 31.5836
51300 31.5866
51400 31.5896
51500 31.5926
51600 31.5956
51700 31.5986
51800 31.6016
51900 31.6046
52000 31.6076
52100 31.6106
52200 31.6136
52300 31.6166
52400 31.6196
52500 31.6226
52600 31.6256
52700 31.6286
52800 31.6316
52900 31.6346
53000 31.6376
53100 31.6406
53200 31.6436
53300 31.6466
53400 31.6496
53500 31.6526
53600 31.6556
53700 31.6586
53800 31.6616
53900 31.6646
54000 31.6676
54100 31.6706
54200 31.6736
54300 31.6766
54400 31.6796
54500 31.6826
54600 31.6856
54700 31.6886
54800 31.6916
54900 31.6946
55000 31.6976
55100 31.7006
55200 31.7036
55300 31.7066
55400 31.7096
55500 31.7126
55600 31.7156
55700 31.7186
55800 31.7216
55900 31.7246
56000 31.7276
56100 31.7306
56200 31.7336
56300 31.7366
56400 31.7396
56500 31.7426
56600 31.7456
56700 31.7486
56800 31.7516
56900 31.7546
57000 31.7576
57100 31.7606
57200 31.7636
57300 31.7666
57400 31.7696
57500 31.7726
57600 31.7756
57700 31.7786
57800 31.7816
57900 31.7846
58000 31.7876
58100 31.7906
58200 31.7936
58300 31.7966
58400 31.7996
58500 31.8026
58600 31.8056
58700 31.8086
58800 31.8116
58900 31.8146
59000 31.8176
59100 31.8206
59200 31.8236
59300 31.8266
59400 31.8296
59500 31.8326
59600 31.8356
59700 31.8386
59800 31.8416
59900 31.8446
60000 31.8476
60100 31.8506
60200 31.8536
60300 31.8566
60400 31.8596
60500 31.8626
60600 31.8656
60700 31.8686
60800 31.8716
60900 31.8746
61000 31.8776
61100 31.8806
61200 31.8836
61300 31.8866
61400 31.8896
61500 31.8926
61600 31.8956
61700 31.8986
61800 31.9016
61900 31.9046
62000 31.9076
62100 31.9106
62200 31.9136
62300 31.9166
62400 31.9196
62500 31.9226
62600 31.9256
62700 31.9286
62800 31.9316
62900 31.9346
63000 31.9376
63100 31.9406
63200 31.9436
63300 31.9466
63400 31.9496
63500 31.9526
63600 31.9556
63700 31.9586
63800 31.9616
63900 31.9646
64000 31.9676
64100 31.9706
64200 31.9736
64300 31.9766
64400 31.9796
64500 31.9826
64600 31.9856
64700 31.9886
64800 31.9916
64900 31.9946
65000 31.9976
65100 32.0006
65200 32.0036
65300 32.0066
65400 32.0096
65500 32.0126
65600 32.0156
65700 32.0186
65800 32.0216
65900 32.0246
66000 32.0276
66100 32.0306
66200 32.0336
66300 32.0366
66400 32.0396
66500 32.0426
66600 32.0456
66700 32.0486
66800 32.0516
66900 32.0546
67000 32.0576
67100 32.0606
67200 32.0636
67300 32.0666
67400 32.0696
67500 32.0726
67600 32.0756
67700 32.0786
67800 32.0816
67900 32.0846
68000 32.0876
68100 32.0906
68200 32.0936
68300 32.0966
68400 32.0996
68500 32.1026
68600 32.1056
68700 32.1086
68800 32.1116
68900 32.1146
69000 32.1176
69100 32.1206
69200 32.1236
69300 32.1266
69400 32.1296
69500 32.1326
69600 32.1356
69700 32.1386
69800 32.1416
69900 32.1446
70000 32.1476
70100 32.1506
70200 32.1536
70300 32.1566
70400 32.1596
70500 32.1626
70600 32.1656
70700 32.1686
70800 32.1716
70900 32.1746
71000 32.1776
71100 32.1806
71200 32.1836
71300 32.1866
71400 32.1896
71500 32.1926
71600 32.1956
71700 32.1986
71800 32.2016
71900 32.2046
72000 32.2076
72100 32.2106
72200 32.2136
72300 32.2166
72400 32.2196
72500 32.2226
72600 32.2256
72700 32.2286
72800 32.2316
72900 32.2346
73000 32.2376
73100 32.2406
73200 32.2436
73300 32.2466
73400 32.2496
73500 32.2526
73600 32.2556
73700 32.2586
73800 32.2616
73900 32.2646
74000 32.2676
74100 32.2706
74200 32.2736
74300 32.2766
74400 32.2796
74500 32.2826
74600 32.2856
74700 32.2886
74800 32.2916
74900 32.2946
75000 32.2976
75100 32.3006
75200 32.3036
75300 32.3066
75400 32.3096
75500 32.3126
75600 32.3156
75700 32.3186
75800 32.3216
75900 32.3246
76000 32.3276
76100 32.3306
76200 32.3336
76300 32.3366
76400 32.3396
76500 32.3426
76600 32.3456
76700 32.3486
76800 32.3516
76900 32.3546
77000 32.3576
77100 32.3606
77200 32.3636
77300 32.3666
77400 32.3696
77500 32.3726
77600 32.3756
77700 32.3786
77800 32.3816
77900 32.3846
78000 32.3876
78100 32.3906
78200 32.3936
78300 32.3966
78400 32.3996
78500 32.4026
78600 32.4056
78700 32.4086
78800 32.4116
78900 32.4146
79000 32.4176
79100 32.4206
79200 32.4236
79300 32.4266
79400 32.4296
79500 32.4326
79600 32.4356
79700 32.4386
79800 32.4416
79900 32.4446
80000 32.4476
80100 32.4506
80200 32.4536
80300 32.4566
80400 32.4596
80500 32.4626
80600 32.4656
80700 32.4686
80800 32.4716
80900 32.4746
81000 32.4776
81100 32.4806
81200 32.4836
81300 32.4866
81400 32.4896
81500 32.4926
81600 32.4956
81700 32.4986
81800 32.5016
81900 32.5046
82000 32.5076
82100 32.5106
82200 32.5136
82300 32.5166
82400 32.5196
82500 32.5226
82600 32.5256
82700 32.5286
82800 32.5316
82900 32.5346
83000 32.5376
83100 32.5406
83200 32.5436
83300 32.5466
83400 32.5496
83500 32.5526
83600 32.5556
83700 32.5586
83800 32.5616
83900 32.5646
84000 32.5676
84100 32.5706
84200 32.5736
84300 32.5766
84400 32.5796
84500 32.5826
84600 32.5856
84700 32.5886
84800 32.5916
84900 32.5946
85000 32.5976
85100 32.6006
85200 32.6036
85300 32.6066
85400 32.6096
85500 32.6126
85600 32.6156
85700 32.6186
85800 32.6216
85900 32.6246
86000 32.6276
86100 32.6306
86200 32.6336
86300 32.6366
86400 32.6396
86500 32.6426
86600 32.6456
86700 32.6486
86800 32.6516
86900 32.6546
87000 32.6576
87100 32.6606
87200 32.6636
87300 32.6666
87400 32.6696
87500 32.6726
87600 32.6756
87700 32.6786
87800 32.6816
87900 32.6846
88000 32.6876
88100 32.6906
88200 32.6936
88300 32.6966
88400 32.6996
88500 32.7026
88600 32.7056
88700 32.7086
88800 32.7116
88900 32.7146
89000 32.7176
89100 32.7206
89200 32.7236
89300 32.7266
89400 32.7296
89500 32.7326
89600 32.7356
89700 32.7386
89800 32.7416
89900 32.7446
90000 32.7476
90100 32.7506
90200 32.7536
90300 32.7566
90400 32.7596
90500 32.7626
90600 32.7656
90700 32.7686
90800 32.7716
90900 32.7746
91000 32.7776
91100 32.7806
91200 32.7836
91300 32.7866
91400 32.7896
91500 32.7926
91600 32.7956
91700 32.7986
91800 32.8016
91900 32.8046
92000 32.8076
92100 32.8106
92200 32.8136
92300 32.8166
92400 32.8196
92500 32.8226
92600 32.8256
92700 32.8286
92800 32.8316
92900 32.8346
93000 32.8376
93100 32.8406
93200 32.8436
93300 32.8466
93400 32.8496
93500 32.8526
93600 32.8556
93700 32.8586
93800 32.8616
93900 32.8646
94000 32.8676
94100 32.8706
94200 32.8736
94300 32.8766
94400 32.8796
94500 32.8826
94600 32.8856
94700 32.8886
94800 32.8916
94900 32.8946
95000 32.8976
95100 32.9006
95200 32.9036
95300 32.9066
95400 32.9096
95500 32.9126
95600 32.9156
95700 32.9186
95800 32.9216
95900 32.9246
96000 32.9276
96100 32.9306
96200 32.9336
96300 32.9366
96400 32.9396
96500 32.9426
96600 32.9456
96700 32.9486
96800 32.9516
96900 32.9546
97000 32.9576
97100 32.9606
97200 32.9636
97300 32.9666
97400 32.9696
97500 32.9726
97600 32.9756
97700 32.9786
97800 32.9816
97900 32.9846
98000 32.9876
98100 32.9906
98200 32.9936
98300 32.9966
98400 32.9996
98500 33.0026
98600 33.0056
98700 33.0086
98800 33.0116
98900 33.0146
99000 33.0176
99100 33.0206
99200 33.0236
99300 33.0266
99400 33.0296
99500 33.0326
99600 33.0356
99700 33.0386
99800 33.0416
99900 33.0446
100000 33.0476
100100 33.0506
100200 33.0536
100300 33.0566
100400 33.0596
100500 33.0626
100600 33.0656
100700 33.0686
100800 33.0716
100900 33.0746
101000 33.0776
101100 33.0806
101200 33.0836
101300 33.0866
101400 33.0896
101500 33.0926
101600 33.0956
101700 33.0986
101800 33.1016
101900 33.1046
102000 33.1076
102100 33.1106
102200 33.1136
102300 33.1166
102400 33.1196
102500 33.1226
102600 33.1256
102700 33.1286
102800 33.1316
102900 33.1346
103000 33.1376
103100 33.1406
103200 33.1436
103300 33.1466
103400 33.1496
103500 33.1526
103600 33.1556
103700 33.1586
103800 33.1616
103900 33.1646
104000 33.1676
104100 33.1706
104200 33.1736
104300 33.1766
104400 33.1796
104500 33.1826
104600 33.1856
104700 33.1886
104800 33.1916
104900 33.1946
105000 33.1976
105100 33.2006
105200 33.2036
105300 33.2066
105400 33.2096
105500 33.2126
105600 33.2156
105700 33.2186
105800 33.2216
105900 33.2246
106000 33.2276
106100 33.2306
106200 33.2336
106300 33.2366
106400 33.2396
106500 33.2426
106600 33.2456
106700 33.2486
106800 33.2516
106900 33.2546
107000 33.2576
107100 33.2606
107200 33.2636
107300 33.2666
107400 33.2696
107500 33.2726
107600 33.2756
107700 33.2786
107800 33.2816
107900 33.2846
108000 33.2876
108100 33.2906
108200 33.2936
108300 33.2966
108400 33.2996
108500 33.3026
108600 33.3056
108700 33.3086
108800 33.3116
108900 33.3146
109000 33.3176
109100 33.3206
109200 33.3236
109300 33.3266
109400 33.3296
109500 33.3326
109600 33.3356
109700 33.3386
109800 33.3416
109900 33.3446
110000 33.3476
110100 33.3506
110200 33.3536
110300 33.3566
110400 33.3596
110500 33.3626
110600 33.3656
110700 33.3686
110800 33.3716
110900 33.3746
111000 33.3776
111100 33.3806
111200 33.3836
111300 33.3866
111400 33.3896
111500 33.3926
111600 33.3956
111700 33.3986
111800 33.4016
111900 33.4046
112000 33.4076
112100 33.4106
112200 33.4136
112300 33.4166
112400 33.4196
112500 33.4226
112600 33.4256
112700 33.4286
112800 33.4316
112900 33.4346
113000 33.4376
113100 33.4406
113200 33.4436
113300 33.4466
113400 33.4496
113500 33.4526
113600 33.4556
113700 33.4586
113800 33.4616
113900 33.4646
114000 33.4676
114100 33.4706
114200 33.4736
114300 33.4766
114400 33.4796
114500 33.4826
114600 33.4856
114700 33.4886
114800 33.4916
114900 33.4946
115000 33.4976
115100 33.5006
115200 33.5036
115300 33.5066
115400 33.5096
115500 33.5126
115600 33.5156
115700 33.5186
115800 33.5216
115900 33.5246
116000 33.5276
116100 33.5306
116200 33.5336
116300 33.5366
116400 33.5396
116500 33.5426
116600 33.5456
116700 33.5486
116800 33.5516
116900 33.5546
117000 33.5576
117100 33.5606
117200 33.5636
117300 33.5666
117400 33.5696
117500 33.5726
117600 33.5756
117700 33.5786
117800 33.5816
117900 33.5846
118000 33.5876
118100 33.5906
118200 33.5936
118300 33.5966
118400 33.5996
118500 33.6026
118600 33.6056
118700 33.6086
118800 33.6116
118900 33.6146
119000 33.6176
119100 33.6206
119200 33.6236
119300 33.6266
119400 33.6296
119500 33.6326
119600 33.6356
119700 33.6386
119800 33.6416
119900 33.6446
120000 33.6476
120100 33.6506
120200 33.6536
120300 33.6566
120400 33.6596
120500 33.6626
120600 33.6656
120700 33.6686
120800 33.6716
120900 33.6746
121000 33.6776
121100 33.6806
121200 33.6836
121300 33.6866
121400 33.6896
121500 33.6926
121600 33.6956
121700 33.6986
121800 33.7016
121900 33.7046
122000 33.7076
122100 33.7106
122200 33.7136
122300 33.7166
122400 33.7196
122500 33.7226
122600 33.7256
122700 33.7286
122800 33.7316
122900 33.7346
123000 33.7376
123100 33.7406
123200 33.7436
123300 33.7466
123400 33.7496
123500 33.7526
123600 33.7556
123700 33.7586
123800 33.7616
123900 33.7646
124000 33.7676
124100 33.7706
124200 33.7736
124300 33.7766
124400 33.7796
124500 33.7826
124600 33.7856
124700 33.7886
124800 33.7916
124900 33.7946
125000 33.7976
125100 33.8006
125200 33.8036
125300 33.8066
125400 33.8096
125500 33.8126
125600 33.8156
125700 33.8186
125800 33.8216
125900 33.8246
126000 33.8276
126100 33.8306
126200 33.8336
126300 33.8366
126400 33.8396
126500 33.8426
126600 33.8456
126700 33.8486
126800 33.8516
126900 33.8546
127000 33.8576
127100 33.8606
127200 33.8636
127300 33.8666
127400 33.8696
127500 33.8726
127600 33.8756
127700 33.8786
127800 33.8816
127900 33.8846
128000 33.8876
128100 33.8906
128200 33.8936
128300 33.8966
128400 33.8996
128500 33.9026
128600 33.9056
128700 33.9086
128800 33.9116
128900 33.9146
129000 33.9176
129100 33.9206
129200 33.9236
129300 33.9266
129400 33.9296
129500 33.9326
129600 33.9356
129700 33.9386
129800 33.9416
129900 33.9446
130000 33.9476
130100 33.9506
130200 33.9536
130300 33.9566
130400 33.9596
130500 33.9626
130600 33.9656
130700 33.9686
130800 33.9716
130900 33.9746
131000 33.9776
131100 33.9806
131200 33.9836
131300 33.9866
131400 33.9896
131500 33.9926
131600 33.9956
131700 33.9986
131800 34.0016
131900 34.0046
132000 34.0076
132100 34.0106
132200 34.0136
132300 34.0166
132400 34.0196
132500 34.0226
132600 34.0256
132700 34.0286
132800 34.0316
132900 34.0346
133000 34.0376
133100 34.0406
133200 34.0436
133300 34.0466
133400 34.0496
133500 34.0526
133600 34.0556
133700 34.0586
133800 34.0616
133900 34.0646
134000 34.0676
134100 34.0706
134200 34.0736
134300 34.0766
134400 34.0796
134500 34.0826
134600 34.0856
134700 34.0886
134800 34.0916
134900 34.0946
135000 34.0976
135100 34.1006
135200 34.1036
135300 34.1066
135400 34.1096
135500 34.1126
135600 34.1156
135700 34.1186
135800 34.1216
135900 34.1246
136000 34.1276
136100 34.1306
136200 34.1336
136300 34.1366
136400 34.1396
136500 34.1426
136600 34.1456
136700 34.1486
136800 34.1516
136900 34.1546
137000 34.1576
137100 34.1606
137200 34.1636
137300 34.1666
137400 34.1696
137500 34.1726
137600 34.1756
137700 34.1786
137800 34.1816
137900 34.1846
138000 34.1876
138100 34.1906
138200 34.1936
138300 34.1966
138400 34.1996
138500 34.2026
138600 34.2056
138700 34.2086
138800 34.2116
138900 34.2146
139000 34.2176
139100 34.2206
139200 34.2236
139300 34.2266
139400 34.2296
139500 34.2326
139600 34.2356
139700 34.2386
139800 34.2416
139900 34.2446
140000 34.2476
140100 34.2506
140200 34.2536
140300 34.2566
140400 34.2596
140500 34.2626
140600 34.2656
140700 34.2686
140800 34.2716
140900 34.2746
141000 34.2776
141100 34.2806
141200 34.2836
141300 34.2866
141400 34.2896
141500 34.2926
141600 34.2956
141700 34.2986
141800 34.3016
141900 34.3046
142000 34.3076
142100 34.3106
142200 34.3136
142300 34.3166
142400 34.3196
142500 34.3226
142600 34.3256
142700 34.3286
142800 34.3316
142900 34.3346
143000 34.3376
143100 34.3406
143200 34.3436
143300 34.3466
143400 34.3496
143500 34.3526
143600 34.3556
143700 34.3586
143800 34.3616
143900 34.3646
144000 34.3676
144100 34.3706
144200 34.3736
144300 34.3766
144400 34.3796
144500 34.3826
144600 34.3856
144700 34.3886
144800 34.3916
144900 34.3946
145000 34.3976
145100 34.4006
145200 34.4036
145300 34.4066
145400 34.4096
145500 34.4126
145600 34.4156
145700 34.4186
145800 34.4216
145900 34.4246
146000 34.4276
146100 34.4306
146200 34.4336
146300 34.4366
146400 34.4396
146500 34.4426
146600 34.4456
146700 34.4486
146800 34.4516
146900 34.4546
147000 34.4576
147100 34.4606
147200 34.4636
147300 34.4666
147400 34.4696
147500 34.4726
147600 34.4756
147700 34.4786
147800 34.4816
147900 34.4846
148000 34.4876
148100 34.4906
148200 34.4936
148300 34.4966
148400 34.4996
148500 34.5026
148600 34.5056
148700 34.5086
148800 34.5116
148900 34.5146
149000 34.5176
149100 34.5206
149200 34.5236
149300 34.5266
149400 34.5296
149500 34.5326
149600 34.5356
149700 34.5386
149800 34.5416
149900 34.5446
150000 34.5476
150100 34.5506
150200 34.5536
150300 34.5566
150400 34.5596
150500 34.5626
150600 34.5656
150700 34.5686
150800 34.5716
150900 34.5746
151000 34.5776
151100 34.5806
151200 34.5836
151300 34.5866
151400 34.5896
151500 34.5926
151600 34.5956
151700 34.5986
151800 34.6016
151900 34.6046
152000 34.6076
152100 34.6106
152200 34.6136
152300 34.6166
152400 34.6196
152500 34.6226
152600 34.6256
152700 34.6286
152800 34.6316
152900 34.6346
153000 34.6376
153100 34.6406
153200 34.6436
153300 34.6466
153400 34.6496
153500 34.6526
153600 34.6556
153700 34.6586
153800 34.6616
153900 34.6646
154000 34.6676
154100 34.6706
154200 34.6736
154300 34.6766
154400 34.6796
154500 34.6826
154600 34.6856
154700 34.6886
154800 34.6916
154900 34.6946
155000 34.6976
155100 34.7006
155200 34.7036
155300 34.7066
155400 34.7096
155500 34.7126
155600 34.7156
155700 34.7186
155800 34.7216
155900 34.7246
156000 34.7276
156100 34.7306
156200 34.7336
156300 34.7366
156400 34.7396
156500 34.7426
156600 34.7456
156700 34.7486
156800 34.7516
156900 34.7546
157000 34.7576
157100 34.7606
157200 34.7636
157300 34.7666
157400 34.7696
157500 34.7726
157600 34.7756
157700 34.7786
157800 34.7816
157900 34.7846
158000 34.7876
158100 34.7906
158200 34.7936
158300 34.7966
158400 34.7996
158500 34.8026
158600 34.8056
158700 34.8086
158800 34.8116
158900 34.8146
159000 34.8176
159100 34.8206
159200 34.8236
159300 34.8266
159400 34.8296
159500 34.8326
159600 34.8356
159700 34.8386
159800 34.8416
159900 34.8446
160000 34.8476
160100 34.8506
160200 34.8536
160300 34.8566
160400 34.8596
160500 34.8626
160600 34.8656
160700 34.8686
160800 34.8716
160900 34.8746
161000 34.8776
161100 34.8806
161200 34.8836
161300 34.8866
161400 34.8896
161500 34.8926
161600 34.8956
161700 34.8986
161800 34.9016
161900 34.9046
162000 34.9076
162100 34.9106
162200 34.9136
162300 34.9166
162400 34.9196
162500 34.9226
162600 34.9256
162700 34.9286
162800 34.9316
162900 34.9346
163000 34.9376
163100 34.9406
163200 34.9436
163300 34.9466
163400 34.9496
163500 34.9526
163600 34.9556
163700 34.9586
163800 34.9616
163900 34.9646
164000 34.9676
164100 34.9706
164200 34.9736
164300 34.9766
164400 34.9796
164500 34.9826
164600 34.9856
164700 34.9886
164800 34.9916
164900 34.9946
165000 34.9976
165100 35.0006
165200 35.0036
165300 35.0066
165400 35.0096
165500 35.0126
165600 35.0156
165700 35.0186
165800 35.0216
165900 35.0246
166000 35.0276
166100 35.0306
166200 35.0336
166300 35.0366
166400 35.0396
166500 35.0426
166600 35.0456
166700 35.0486
166800 35.0516
166900 35.0546
167000 35.0576
167100 35.0606
167200 35.0636
167300 35.0666
167400 35.0696
167500 35.0726
167600 35.0756
167700 35.0786
167800 35.0816
167900 35.0846
168000 35.0876
168100 35.0906
168200 35.0936
168300 35.0966
168400 35.0996
168500 35.1026
168600 35.1056
168700 35.1086
168800 35.1116
168900 35.1146
169000 35.1176
169100 35.1206
169200 35.1236
169300 35.1266
169400 35.1296
169500 35.1326
169600 35.1356
169700 35.1386
169800 35.1416
169900 35.1446
170000 35.1476
170100 35.1506
170200 35.1536
170300 35.1566
170400 35.1596
170500 35.1626
170600 35.1656
170700 35.1686
170800 35.1716
170900 35.1746
171000 35.1776
171100 35.1806
171200 35.1836
171300 35.1866
171400 35.1896
171500 35.1926
171600 35.1956
171700 35.1986
171800 35.2016
171900 35.2046
172000 35.2076
172100 35.2106
172200 35.2136
172300 35.2166
172400 35.2196
172500 35.2226
172600 35.2256
172700 35.2286
172800 35.2316
172900 35.2346
173000 35.2376
173100 35.2406
173200 35.2436
173300 35.2466
173400 35.2496
173500 35.2526
173600 35.2556
173700 35.2586
173800 35.2616
173900 35.2646
174000 35.2676
174100 35.2706
174200 35.2736
174300 35.2766
174400 35.2796
174500 35.2826
174600 35.2856
174700 35.2886
174800 35.2916
174900 35.2946
175000 35.2976
175100 35.3006
175200 35.3036
175300 35.3066
175400 35.3096
175500 35.3126
175600 35.3156
175700 35.3186
175800 35.3216
175900 35.3246
176000 35.3276
176100 35.3306
176200 35.3336
176300 35.3366
176400 35.3396
176500 35.3426
176600 35.3456
176700 35.3486
176800 35.3516
176900 35.3546
177000 35.3576
177100 35.3606
177200 35.3636
177300 35.3666
177400 35.3696
177500 35.3726
177600 35.3756
177700 35.3786
177800 35.3816
177900 35.3846
178000 35.3876
178100 35.3906
178200 35.3936
178300 35.3966
178400 35.3996
178500 35.4026
178600 35.4056
178700 35.4086
178800 35.4116
178900 35.4146
179000 35.4176
179100 35.4206
179200 35.4236
179300 35.4266
179400 35.4296
179500 35.4326
179600 35.4356
179700 35.4386
179800 35.4416
179900 35.4446
180000 35.4476
180100 35.4506
180200 35.4536
180300 35.4566
180400 35.4596
180500 35.4626
180600 35.4656
180700 35.4686
180800 35.4716
180900 35.4746
181000 35.4776
181100 35.4806
181200 35.4836
181300 35.4866
181400 35.4896
181500 35.4926
181600 35.4956
181700 35.4986
181800 35.5016
181900 35.5046
182000 35.5076
182100 35.5106
182200 35.5136
182300 35.5166
182400 35.5196
182500 35.5226
182600 35.5256
182700 35.5286
182800 35.5316
182900 35.5346
183000 35.5376
183100 35.5406
183200 35.5436
183300 35.5466
183400 35.5496
183500 35.5526
183600 35.5556
183700 35.5586
183800 35.5616
183900 35.5646
184000 35.5676
184100 35.5706
184200 35.5736
184300 35.5766
184400 35.5796
184500 35.5826
184600 35.5856
184700 35.5886
184800 35.5916
184900 35.5946
185000 35.5976
185100 35.6006
185200 35.6036
185300 35.6066
185400 35.6096
185500 35.6126
185600 35.6156
185700 35.6186
185800 35.6216
185900 35.6246
186000 35.6276
186100 35.6306
186200 35.6336
186300 35.6366
186400 35.6396
186500 35.6426
186600 35.6456
186700 35.6486
186800 35.6516
186900 35.6546
187000 35.6576
187100 35.6606
187200 35.6636
187300 35.6666
187400 35.6696
187500 35.6726
187600 35.6756
187700 35.6786
187800 35.6816
187900 35.6846
188000 35.6876
188100 35.6906
188200 35.6936
188300 35.6966
188400 35.6996
188500 35.7026
188600 35.7056
188700 35.7086
188800 35.7116
188900 35.7146
189000 35.7176
189100 35.7206
189200 35.7236
189300 35.7266
189400 35.7296
189500 35.7326
189600 35.7356
189700 35.7386
189800 35.7416
189900 35.7446
190000 35.7476
190100 35.7506
190200 35.7536
190300 35.7566
190400 35.7596
190500 35.7626
190600 35.7656
190700 35.7686
190800 35.7716
190900 35.7746
191000 35.7776
191100 35.7806
191200 35.7836
191300 35.7866
191400 35.7896
191500 35.7926
191600 35.7956
191700 35.7986
191800 35.8016
191900 35.8046
192000 35.8076
192100 35.8106
192200 35.8136
192300 35.8166
192400 35.8196
192500 35.8226
192600 35.8256
192700 35.8286
192800 35.8316
192900 35.8346
193000 35.8376
193100 35.8406
193200 35.8436
193300 35.8466
193400 35.8496
193500 35.8526
193600 35.8556
193700 35.8586
193800 35.8616
193900 35.8646
194000 35.8676
194100 35.8706
194200 35.8736
194300 35.8766
194400 35.8796
194500 35.8826
194600 35.8856
194700 35.8886
194800 35.8916
194900 35.8946
195000 35.8976
195100 35.9006
195200 35.9036
195300 35.9066
195400 35.9096
195500 35.9126
195600 35.9156
195700 35.9186
195800 35.9216
195900 35.9246
196000 35.9276
196100 35.9306
196200 35.9336
196300 35.9366
196400 35.9396
196500 35.9426
196600 35.9456
196700 35.9486
196800 35.9516
196900 35.9546
197000 35.9576
197100 35.9606
197200 35.9636
197300 35.9666
197400 35.9696
197500 35.9726
197600 35.9756
197700 35.9786
197800 35.9816
197900 35.9846
198000 35.9876
198100 35.9906
198200 35.9936
198300 35.9966
198400 35.9996
198500 36.0026
198600 36.0056
198700 36.0086
198800 36.0116
198900 36.0146
199000 36.0176
199100 36.0206
199200 36.0236
199300 36.0266
199400 36.0296
199500 36.0326
199600 36.0356
199700 36.0386
199800 36.0416
199900 36.0446
200000 36.0476
200100 36.0506
200200 36.0536
200300 36.0566
200400 36.0596
200500 36.0626
200600 36.0656
200700 36.0686
200800 36.0716
200900 36.0746
201000 36.0776
201100 36.0806
201200 36.0836
201300 36.0866
201400 36.0896
201500 36.0926
201600 36.0956
201700 36.0986
201800 36.1016
201900 36.1046
202000 36.1076
202100 36.1106
202200 36.1136
202300 36.1166
202400 36.1196
202500 36.1226
202600 36.1256
202700 36.1286
202800 36.1316
202900 36.1346
203000 36.1376
203100 36.1406
203200 36.1436
203300 36.1466
203400 36.1496
203500 36.1526
203600 36.1556
203700 36.1586
203800 36.1616
203900 36.1646
204000 36.1676
204100 36.1706
204200 36.1736
204300 36.1766
204400 36.1796
204500 36.1826
204600 36.1856
204700 36.1886
204800 36.1916
204900 36.1946
205000 36.1976
205100 36.2006
205200 36.2036
205300 36.2066
205400 36.2096
205500 36.2126
205600 36.2156
205700 36.2186
205800 36.2216
205900 36.2246
206000 36.2276
206100 36.2306
206200 36.2336
206300 36.2366
206400 36.2396
206500 36.2426
206600 36.2456
206700 36.2486
206800 36.2516
206900 36.2546
207000 36.2576
207100 36.2606
207200 36.2636
207300 36.2666
207400 36.2696
207500 36.2726
207600 36.2756
207700 36.2786
207800 36.2816
207900 36.2846
208000 36.2876
208100 36.2906
208200 36.2936
208300 36.2966
208400 36.2996
208500 36.3026
208600 36.3056
208700 36.3086
208800 36.3116
208900 36.3146
209000 36.3176
209100 36.3206
209200 36.3236
209300 36.3266
209400 36.3296
209500 36.3326
209600 36.3356
209700 36.3386
209800 36.3416
209900 36.3446
210000 36.3476
210100 36.3506
210200 36.3536
210300 36.3566
210400 36.3596
210500 36.3626
210600 36.3656
210700 36.3686
210800 36.3716
210900 36.3746
211000 36.3776
211100 36.3806
211200 36.3836
211300 36.3866
211400 36.3896
211500 36.3926
211600 36.3956
211700 36.3986
211800 36.4016
211900 36.4046
212000 36.4076
212100 36.4106
212200 36.4136
212300 36.4166
212400 36.4196
212500 36.4226
212600 36.4256
212700 36.4286
212800 36.4316
212900 36.4346
213000 36.4376
213100 36.4406
213200 36.4436
213300 36.4466
213400 36.4496
213500 36.4526
213600 36.4556
213700 36.4586
213800 36.4616
213900 36.4646
214000 36.4676
214100 36.4706
214200 36.4736
214300 36.4766
214400 36.4796
214500 36.4826
214600 36.4856
214700 36.4886
214800 36.4916
214900 36.4946
215000 36.4976
215100 36.5006
215200 36.5036
215300 36.5066
215400 36.5096
215500 36.5126
215600 36.5156
215700 36.5186
215800 36.5216
215900 36.5246
216000 36.5276
216100 36.5306
216200 36.5336
216300 36.5366
216400 36.5396
216500 36.5426
216600 36.5456
216700 36.5486
216800 36.5516
216900 36.5546
217000 36.5576
217100 36.5606
217200 36.5636
217300 36.5666
217400 36.5696
217500 36.5726
217600 36.5756
217700 36.5786
217800 36.5816
217900 36.5846
218000 36.5876
218100 36.5906
218200 36.5936
218300 36.5966
218400 36.5996
218500 36.6026
218600 36.6056
218700 36.6086
218800 36.6116
218900 36.6146
219000 36.6176
219100 36.6206
219200 36.6236
219300 36.6266
219400 36.6296
219500 36.6326
219600 36.6356
219700 36.6386
219800 36.6416
219900 36.6446
220000 36.6476
220100 36.6506
220200 36.6536
220300 36.6566
220400 36.6596
220500 36.6626
220600 36.6656
220700 36.6686
220800 36.6716
220900 36.6746
221000 36.6776
221100 36.6806
221200 36.6836
221300 36.6866
221400 36.6896
221500 36.6926
221600 36.6956
221700 36.6986
221800 36.7016
221900 36.7046
222000 36.7076
222100 36.7106
222200 36.7136
222300 36.7166
222400 36.7196
222500 36.7226
222600 36.7256
222700 36.7286
222800 36.7316
222900 36.7346
223000 36.7376
223100 36.7406
223200 36.7436
223300 36.7466
223400 36.7496
223500 36.7526
223600 36.7556
223700 36.7586
223800 36.7616
223900 36.7646
224000 36.7676
224100 36.7706
224200 36.7736
224300 36.7766
224400 36.7796
224500 36.7826
224600 36.7856
224700 36.7886
224800 36.7916
224900 36.7946
225000 36.7976
225100 36.8006
225200 36.8036
225300 36.8066
225400 36.8096
225500 36.8126
225600 36.8156
225700 36.8186
225800 36.8216
225900 36.8246
226000 36.8276
226100 36.8306
226200 36.8336
226300 36.8366
226400 36.8396
226500 36.8426
226600 36.8456
226700 36.8486
226800 36.8516
226900 36.8546
227000 36.8576
227100 36.8606
227200 36.8636
227300 36.8666
227400 36.8696
227500 36.8726
227600 36.8756
227700 36.8786
227800 36.8816
227900 36.8846
228000 36.8876
228100 36.8906
228200 36.8936
228300 36.8966
228400 36.8996
228500 36.9026
228600 36.9056
228700 36.9086
228800 36.9116
228900 36.9146
229000 36.9176
229100 36.9206
229200 36.9236
229300 36.9266
229400 36.9296
229500 36.9326
229600 36.9356
229700 36.9386
229800 36.9416
229900 36.9446
230000 36.9476
230100 36.9506
230200 36.9536
230300 36.9566
230400 36.9596
230500 36.9626
230600 36.9656
230700 36.9686
230800 36.9716
230900 36.9746
231000 36.9776
231100 36.9806
231200 36.9836
231300 36.9866
231400 36.9896
231500 36.9926
231600 36.9956
231700 36.9986
231800 37.0016
231900 37.0046
232000 37.0076
232100 37.0106
232200 37.0136
232300 37.0166
232400 37.0196
232500 37.0226
232600 37.0256
232700 37.0286
232800 37.0316
232900 37.0346
233000 37.0376
233100 37.0406
233200 37.0436
233300 37.0466
233400 37.0496
233500 37.0526
233600 37.0556
233700 37.0586
233800 37.0616
233900 37.0646
234000 37.0676
234100 37.0706
234200 37.0736
234300 37.0766
234400 37.0796
234500 37.0826
234600 37.0856
234700 37.0886
234800 37.0916
234900 37.0946
235000 37.0976
235100 37.1006
235200 37.1036
235300 37.1066
235400 37.1096
235500 37.1126
235600 37.1156
235700 37.1186
235800 37.1216
235900 37.1246
236000 37.1276
236100 37.1306
236200 37.1336
236300 37.1366
236400 37.1396
236500 37.1426
236600 37.1456
236700 37.1486
236800 37.1516
236900 37.1546
237000 37.1576
237100 37.1606
237200 37.1636
237300 37.1666
237400 37.1696
237500 37.1726
237600 37.1756
237700 37.1786
237800 37.1816
237900 37.1846
238000 37.1876
238100 37.1906
238200 37.1936
238300 37.1966
238400 37.1996
238500 37.2026
238600 37.2056
238700 37.2086
238800 37.2116
238900 37.2146
239000 37.2176
239100 37.2206
239200 37.2236
239300 37.2266
239400 37.2296
239500 37.2326
239600 37.2356
239700 37.2386
239800 37.2416
239900 37.2446
240000 37.2476
240100 37.2506
240200 37.2536
240300 37.2566
240400 37.2596
240500 37.2626
240600 37.2656
240700 37.2686
240800 37.2716
240900 37.2746
241000 37.2776
241100 37.2806
241200 37.2836
241300 37.2866
241400 37.2896
241500 37.2926
241600 37.2956
241700 37.2986
241800 37.3016
241900 37.3046
242000 37.3076
242100 37.3106
242200 37.3136
242300 37.3166
242400 37.3196
242500 37.3226
242600 37.3256
242700 37.3286
242800 37.3316
242900 37.3346
243000 37.3376
243100 37.3406
243200 37.3436
243300 37.3466
243400 37.3496
243500 37.3526
243600 37.3556
243700 37.3586
243800 37.3616
243900 37.3646
244000 37.3676
244100 37.3706
244200 37.3736
244300 37.3766
244400 37.3796
244500 37.3826
244600 37.3856
244700 37.3886
244800 37.3916
244900 37.3946
245000 37.3976
245100 37.4006
245200 37.4036
245300 37.4066
245400 37.4096
245500 37.4126
245600 37.4156
245700 37.4186
245800 37.4216
245900 37.4246
246000 37.4276
246100 37.4306
246200 37.4336
246300 37.4366
246400 37.4396
246500 37.4426
246600 37.4456
246700 37.4486
246800 37.4516
246900 37.4546
247000 37.4576
247100 37.4606
247200 37.4636
247300 37.4666
247400 37.4696
247500 37.4726
247600 37.4756
247700 37.4786
247800 37.4816
247900 37.4846
248000 37.4876
248100 37.4906
248200 37.4936
248300 37.4966
248400 37.4996
248500 37.5026
248600 37.5056
248700 37.5086
248800 37.5116
248900 37.5146
249000 37.5176
249100 37.5206
249200 37.5236
249300 37.5266
249400 37.5296
249500 37.5326
249600 37.5356
249700 37.5386
249800 37.5416
249900 37.5446
250000 37.5476
250100 37.5506
250200 37.5536
250300 37.5566
250400 37.5596
250500 37.5626
250600 37.5656
250700 37.5686
250800 37.5716
250900 37.5746
251000 37.5776
251100 37.5806
251200 37.5836
251300 37.5866
251400 37.5896
251500 37.5926
251600 37.5956
251700 37.5986
251800 37.6016
251900 37.6046
252000 37.6076
252100 37.6106
252200 37.6136
252300 37.6166
252400 37.6196
252500 37.6226
252600 37.6256
252700 37.6286
252800 37.6316
252900 37.6346
253000 37.6376
253100 37.6406
253200 37.6436
253300 37.6466
253400 37.6496
253500 37.6526
253600 37.6556
253700 37.6586
253800 37.6616
253900 37.6646
254000 37.6676
254100 37.6706
254200 37.6736
254300 37.6766
254400 37.6796
254500 37.6826
254600 37.6856
254700 37.6886
254800 37.6916
254900 37.6946
255000 37.6976
255100 37.7006
255200 37.7036
255300 37.7066
255400 37.7096
255500 37.7126
255600 37.7156
255700 37.7186
255800 37.7216
255900 37.7246
256000 37.7276
256100 37.7306
256200 37.7336
256300 37.7366
256400 37.7396
256500 37.7426
256600 37.7456
256700 37.7486
256800 37.7516
256900 37.7546
257000 37.7576
257100 37.7606
257200 37.7636
257300 37.7666
257400 37.7696
257500 37.7726
257600 37.7756
257700 37.7786
257800 37.7816
257900 37.7846
258000 37.7876
258100 37.7906
258200 37.7936
258300 37.7966
258400 37.7996
258500 37.8026
258600 37.8056
258700 37.8086
258800 37.8116
258900 37.8146
259000 37.8176
259100 37.8206
259200 37.8236
259300 37.8266
259400 37.8296
259500 37.8326
259600 37.8356
259700 37.8386
259800 37.8416
259900 37.8446
260000 37.8476
260100 37.8506
260200 37.8536
260300 37.8566
260400 37.8596
260500 37.8626
260600 37.8656
260700 37.8686
260800 37.8716
260900 37.8746
261000 37.8776
261100 37.8806
261200 37.8836
261300 37.8866
261400 37.8896
261500 37.8926
261600 37.8956
261700 37.8986
261800 37.9016
261900 37.9046
262000 37.9076
262100 37.9106
262200 37.9136
262300 37.9166
262400 37.9196
262500 37.9226
262600 37.9256
262700 37.9286
262800 37.9316
262900 37.9346
263000 37.9376
263100 37.9406
263200 37.9436
263300 37.9466
263400 37.9496
263500 37.9526
263600 37.9556
263700 37.9586
263800 37.9616
263900 37.9646
264000 37.9676
264100 37.9706
264200 37.9736
264300 37.9766
264400 37.9796
264500 37.9826
264600 37.9856
264700 37.9886
264800 37.9916
264900 37.9946
265000 37.9976
265100 38.0006
265200 38.0036
265300 38.0066
265400 38.0096
265500 38.0126
265600 38.0156
265700 38.0186
265800 38.0216
265900 38.0246
266000 38.0276
266100 38.0306
266200 38.0336
266300 38.0366
266400 38.0396
266500 38.0426
266600 38.0456
266700 38.0486
266800 38.0516
266900 38.0546
267000 38.0576
267100 38.0606
267200 38.0636
267300 38.0666
267400 38.0696
267500 38.0726
267600 38.0756
267700 38.0786
267800 38.0816
267900 38.0846
268000 38.0876
268100 38.0906
268200 38.0936
268300 38.0966
268400 38.0996
268500 38.1026
268600 38.1056
268700 38.1086
268800 38.1116
268900 38.1146
269000 38.1176
269100 38.1206
269200 38.1236
269300 38.1266
269400 38.1296
269500 38.1326
269600 38.1356
269700 38.1386
269800 38.1416
269900 38.1446
270000 38.1476
270100 38.1506
270200 38.1536
270300 38.1566
270400 38.1596
270500 38.1626
270600 38.1656
270700 38.1686
270800 38.1716
270900 38.1746
271000 38.1776
271100 38.1806
271200 38.1836
271300 38.1866
271400 38.1896
271500 38.1926
271600 38.1956
271700 38.1986
271800 38.2016
271900 38.2046
272000 38.2076
272100 38.2106
272200 38.2136
272300 38.2166
272400 38.2196
272500 38.2226
272600 38.2256
272700 38.2286
272800 38.2316
272900 38.2346
273000 38.2376
273100 38.2406
273200 38.2436
273300 38.2466
273400 38.2496
273500 38.2526
273600 38.2556
273700 38.2586
273800 38.2616
273900 38.2646
274000 38.2676
274100 38.2706
274200 38.2736
274300 38.2766
274400 38.2796
274500 38.2826
274600 38.2856
274700 38.2886
274800 38.2916
274900 38.2946
275000 38.2976
275100 38.3006
275200 38.3036
275300 38.3066
275400 38.3096
275500 38.3126
275600 38.3156
275700 38.3186
275800 38.3216
275900 38.3246
276000 38.3276
276100 38.3306
276200 38.3336
276300 38.3366
276400 38.3396
276500 38.3426
276600 38.3456
276700 38.3486
276800 38.3516
276900 38.3546
277000 38.3576
277100 38.3606
277200 38.3636
277300 38.3666
277400 38.3696
277500 38.3726
277600 38.3756
277700 38.3786
277800 38.3816
277900 38.3846
278000 38.3876
278100 38.3906
278200 38.3936
278300 38.3966
278400 38.3996
278500 38.4026
278600 38.4056
278700 38.4086
278800 38.4116
278900 38.4146
279000 38.4176
279100 38.4206
279200 38.4236
279300 38.4266
279400 38.4296
279500 38.4326
279600 38.4356
279700 38.4386
279800 38.4416
279900 38.4446
280000 38.4476
280100 38.4506
280200 38.4536
280300 38.4566
280400 38.4596
280500 38.4626
280600 38.4656
280700 38.4686
280800 38.4716
280900 38.4746
281000 38.4776
281100 38.4806
281200 38.4836
281300 38.4866
281400 38.4896
281500 38.4926
281600 38.4956
281700 38.4986
281800 38.5016
281900 38.5046
282000 38.5076
282100 38.5106
282200 38.5136
282300 38.5166
282400 38.5196
282500 38.5226
282600 38.5256
282700 38.5286
282800 38.5316
282900 38.5346
283000 38.5376
283100 38.5406
283200 38.5436
283300 38.5466
283400 38.5496
283500 38.5526
283600 38.5556
283700 38.5586
283800 38.5616
283900 38.5646
284000 38.5676
284100 38.5706
284200 38.5736
284300 38.5766
284400 38.5796
284500 38.5826
284600 38.5856
284700 38.5886
284800 38.5916
284900 38.5946
285000 38.5976
285100 38.6006
285200 38.6036
285300 38.6066
285400 38.6096
285500 38.6126
285600 38.6156
285700 38.6186
285800 38.6216
285900 38.6246
286000 38.6276
286100 38.6306
286200 38.6336
286300 38.6366
286400 38.6396
286500 38.6426
286600 38.6456
286700 38.6486
286800 38.6516
286900 38.6546
287000 38.6576
287100 38.6606
287200 38.6636
287300 38.6666
287400 38.6696
287500 38.6726
287600 38.6756
287700 38.6786
287800 38.6816
287900 38.6846
288000 38.6876
288100 38.6906
288200 38.6936
288300 38.6966
288400 38.6996
288500 38.7026
288600 38.7056
288700 38.7086
288800 38.7116
288900 38.7146
289000 38.7176
289100 38.7206
289200 38.7236
289300 38.7266
289400 38.7296
289500 38.7326
289600 38.7356
289700 38.7386
289800 38.7416
289900 38.7446
290000 38.7476
