# Time-averaged data for fix at2
# TimeStep f_mysf1[3] f_mysf2[3]
100 12.1549 -12.3045
200 8.9861 -8.82157
300 7.88272 -8.32736
400 13.296 -11.6343
500 14.4651 -16.133
600 7.86831 -8.36415
700 6.88616 -6.03286
800 14.2344 -13.6356
900 13.1402 -15.8553
1000 8.77323 -5.80932
1100 10.4238 -9.0314
1200 12.2035 -13.3575
1300 9.51145 -13.9978
1400 11.8984 -9.78061
1500 11.6576 -6.31007
1600 11.0173 -12.8634
1700 10.5447 -16.0641
1800 8.63337 -8.05276
1900 13.1641 -7.05738
2000 13.2016 -16.2426
2100 7.70798 -12.3465
2200 9.03422 -6.39501
2300 16.3512 -9.99741
2400 10.6987 -15.1418
2500 7.83356 -11.3333
2600 10.8256 -9.95553
2700 12.186 -6.73613
2800 12.8747 -15.2479
2900 12.6173 -12.8938
3000 6.37174 -8.79003
3100 11.4517 -8.24228
3200 14.4744 -15.7251
3300 10.8358 -11.5853
3400 8.06699 -9.88598
3500 13.4152 -6.8242
3600 9.45697 -13.0229
3700 13.4512 -15.9629
3800 9.62523 -11.2347
3900 10.6179 -2.99484
4000 10.5325 -15.4549
4100 14.3486 -14.3395
4200 9.94802 -8.45064
4300 10.8698 -7.89715
4400 8.43356 -13.1326
4500 11.8872 -14.5501
4600 13.3292 -10.9915
4700 11.9791 -5.20015
4800 7.60078 -10.7207
4900 11.2826 -17.1337
5000 12.8847 -12.2696
5100 11.3644 -5.48484
5200 8.88655 -10.6906
5300 11.2911 -16.4251
5400 13.8823 -9.30999
5500 9.91008 -7.92945
5600 10.0046 -10.895
5700 10.2843 -15.4568
5800 11.9874 -10.0539
5900 12.3297 -10.7776
6000 11.7313 -7.43808
6100 7.49599 -14.0924
6200 16.8179 -13.4398
6300 7.74307 -8.99403
6400 9.85209 -7.39739
6500 12.3861 -18.0776
6600 14.096 -8.51922
6700 8.19239 -10.0994
6800 11.8745 -9.53354
6900 9.29711 -14.3185
7000 13.7084 -11.7281
7100 9.71288 -12.6785
7200 10.6493 -3.69867
7300 11.4225 -14.4741
7400 14.3243 -13.0143
7500 5.69555 -10.5496
7600 12.3271 -7.35192
7700 11.7106 -14.7127
7800 12.9819 -10.0932
7900 9.6648 -12.176
8000 10.7498 -8.30738
8100 8.7338 -11.0245
8200 15.9408 -14.5255
8300 9.44925 -12.1916
8400 7.24883 -5.88642
8500 13.6844 -12.2364
8600 14.8136 -12.4482
8700 7.8618 -11.2649
8800 10.4467 -10.9968
8900 10.8683 -10.2464
9000 12.5974 -10.9815
9100 13.2815 -13.3223
9200 8.47631 -10.7022
9300 8.03061 -7.93922
9400 15.0098 -14.1732
9500 12.7827 -12.7509
9600 6.1894 -8.18348
9700 12.2699 -10.6039
9800 13.7173 -11.8919
9900 10.4992 -10.5287
10000 9.79218 -12.3052
10100 11.5366 -10.0701
10200 11.0421 -10.2359
10300 13.1318 -11.8522
10400 10.5478 -13.8176
10500 8.53559 -9.53567
10600 12.9471 -10.7861
10700 14.4576 -13.2133
10800 8.64003 -12.4701
10900 9.47167 -11.0187
11000 15.0406 -10.4059
11100 13.6384 -10.1471
11200 10.1795 -14.7604
11300 10.8491 -13.3966
11400 11.3409 -9.55535
11500 14.3211 -11.2505
11600 13.4115 -14.5793
11700 10.6498 -12.4165
11800 11.7761 -11.1288
11900 13.6235 -12.0407
12000 12.2505 -14.8069
12100 12.0757 -12.6481
12200 12.2887 -10.2634
12300 13.1732 -11.4572
12400 13.8532 -16.3446
12500 12.7933 -12.5404
12600 10.281 -10.8695
12700 14.1338 -13.6587
12800 14.7298 -14.7704
12900 14.3891 -12.0036
13000 10.7251 -12.727
13100 12.2422 -14.0063
13200 15.3521 -15.0592
13300 15.4562 -12.4822
13400 10.7626 -11.6997
13500 13.4103 -14.037
13600 15.5133 -15.8176
13700 14.2789 -12.8043
13800 11.5749 -12.7089
13900 13.3535 -14.8877
14000 15.8167 -15.1861
14100 15.3513 -12.3739
14200 13.9346 -13.4549
14300 12.8824 -15.9164
14400 13.7833 -15.4457
14500 15.4823 -13.3995
14600 15.7504 -13.7553
14700 11.4941 -15.4973
14800 15.3313 -14.7601
14900 17.1092 -13.515
15000 13.8472 -12.663
15100 11.6596 -18.31
15200 16.4945 -15.1666
15300 15.9732 -13.8304
15400 17.1289 -13.3098
15500 12.4829 -16.7992
15600 13.9711 -14.6049
15700 17.6035 -17.1497
15800 17.005 -14.9
15900 10.9095 -14.1023
16000 16.1263 -15.1947
16100 18.4824 -15.8286
16200 16.2242 -15.4705
16300 13.4305 -16.4958
16400 13.2109 -15.6594
16500 18.7345 -16.1278
16600 16.8932 -16.4178
16700 14.9102 -15.4154
16800 15.8596 -16.1365
16900 16.8871 -14.0535
17000 15.8982 -20.1248
17100 16.6285 -16.1384
17200 14.4484 -14.7052
17300 19.5959 -15.779
17400 16.1499 -18.2759
17500 16.2083 -15.2612
17600 15.814 -17.9561
17700 18.0637 -16.0575
17800 15.2247 -16.9544
17900 18.2089 -17.7669
18000 19.184 -17.1251
18100 16.2631 -15.3494
18200 15.6381 -17.9245
18300 16.6818 -19.7365
18400 17.5891 -15.4003
18500 18.0787 -16.9377
18600 18.2574 -17.4262
18700 15.8922 -18.671
18800 18.7932 -14.865
18900 17.5517 -20.2026
19000 16.8837 -17.1418
19100 15.4678 -19.6139
19200 23.2257 -15.9332
19300 15.1909 -17.339
19400 18.4005 -15.8778
19500 17.6296 -23.8281
19600 19.8796 -14.2712
19700 13.5502 -18.4152
19800 21.3446 -19.7202
19900 18.3379 -18.659
20000 18.5722 -13.8868
20100 18.5089 -20.2812
20200 17.3254 -20.2746
20300 18.871 -20.0774
20400 19.2298 -17.8285
20500 19.0522 -16.2703
20600 17.6674 -20.2249
20700 21.2919 -19.5476
20800 18.0458 -20.3556
20900 18.317 -15.5047
21000 17.7423 -21.917
21100 21.5434 -19.4414
21200 17.2884 -19.1216
21300 22.8917 -16.6393
21400 17.2178 -22.1097
21500 20.2876 -18.261
21600 18.7344 -23.0423
21700 21.0327 -16.6259
21800 16.7949 -19.3988
21900 21.9336 -18.7252
22000 21.3354 -22.4924
22100 20.9236 -18.8486
22200 16.6334 -20.4483
22300 20.0284 -21.1371
22400 22.0283 -19.3545
22500 19.5257 -20.064
22600 21.3768 -19.4085
22700 19.8515 -21.953
22800 21.3452 -18.9746
22900 16.8938 -22.4612
23000 21.8083 -19.6351
23100 19.795 -21.1438
23200 25.1068 -18.0607
23300 18.9044 -24.0152
23400 21.0534 -18.9708
23500 19.6484 -22.6215
23600 22.3493 -20.7036
23700 19.4011 -21.3696
23800 20.413 -19.2134
23900 23.4681 -20.9028
24000 22.92 -22.6249
24100 19.9224 -21.31
24200 18.3703 -23.0857
24300 24.4594 -19.5147
24400 21.1072 -23.8891
24500 23.8711 -19.3221
24600 17.749 -22.453
24700 24.105 -19.31
24800 21.1246 -25.8356
24900 22.0795 -20.2194
25000 20.1114 -22.8449
25100 24.8108 -19.9807
25200 22.2458 -23.2349
25300 23.1067 -23.3907
25400 21.4191 -22.0482
25500 19.7495 -21.7435
25600 23.8289 -20.8501
25700 21.5953 -25.2404
25800 24.725 -20.4001
25900 19.871 -22.4719
26000 24.4532 -21.7546
26100 23.7863 -27.4098
26200 22.4474 -20.5907
26300 19.8629 -22.063
26400 24.9105 -21.8412
26500 22.5 -24.184
26600 23.6123 -22.4295
26700 22.8416 -22.4807
26800 22.7381 -24.7874
26900 24.3397 -23.3663
27000 23.7408 -24.2538
27100 23.5375 -21.0408
27200 21.2648 -24.5494
27300 26.4095 -23.5196
27400 22.2109 -24.1375
27500 23.0549 -21.4281
27600 24.4467 -27.6591
27700 24.4762 -22.363
27800 22.8799 -22.0073
27900 24.8157 -24.8186
28000 23.3468 -25.1449
28100 23.697 -24.9897
28200 26.1249 -21.8232
28300 22.0266 -25.9061
28400 24.943 -22.8114
28500 24.229 -26.0787
28600 27.4838 -23.0751
28700 20.8702 -23.6695
28800 24.1129 -24.997
28900 26.4262 -27.4126
29000 25.1201 -22.3835
29100 24.2262 -24.0208
29200 23.4592 -25.7028
29300 25.2664 -24.2069
29400 26.0083 -26.064
29500 25.8565 -23.7708
29600 21.8602 -26.9793
29700 26.5511 -23.8424
29800 27.0602 -27.1953
29900 26.4578 -23.5372
30000 19.7436 -23.7845
30100 27.0413 -26.4528
30200 28.3319 -27.3277
30300 24.3812 -22.5013
30400 24.7897 -26.7144
30500 25.9542 -26.8883
30600 26.2543 -25.3915
30700 26.073 -25.4684
30800 26.2863 -25.7116
30900 23.1786 -26.9137
31000 27.8662 -23.3859
31100 27.1567 -28.5296
31200 25.718 -24.5376
31300 22.8976 -27.8998
31400 29.8659 -25.9241
31500 25.9015 -26.4241
31600 25.7424 -25.4619
31700 26.2391 -27.6341
31800 26.3839 -26.5021
31900 27.8436 -24.747
32000 24.9643 -27.8994
32100 28.1038 -27.2947
32200 25.0883 -27.0253
32300 29.5337 -24.9975
32400 26.5478 -29.2166
32500 25.4439 -24.6448
32600 26.5067 -29.0234
32700 29.7406 -26.8521
32800 25.4848 -25.6886
32900 26.1593 -27.8388
33000 29.8875 -28.5146
33100 26.9366 -27.9391
33200 26.7827 -24.4085
33300 26.4307 -29.4691
33400 29.4997 -28.0684
33500 25.6315 -27.8302
33600 29.8738 -27.2607
33700 27.0057 -27.8093
33800 27.2611 -26.4797
33900 29.4787 -30.5799
34000 27.7251 -27.1333
34100 26.1037 -26.5559
34200 28.9192 -29.0267
34300 29.6972 -28.9567
34400 27.3354 -28.17
34500 29.0343 -26.7692
34600 27.2875 -29.9761
34700 29.5332 -27.8379
34800 27.3738 -30.1392
34900 30.6768 -27.812
35000 26.3362 -27.714
35100 30.0738 -29.1644
35200 30.2106 -30.6935
35300 27.2946 -27.4436
35400 28.2922 -27.4722
35500 28.9261 -31.6129
35600 30.7592 -28.2018
35700 27.3685 -29.1897
35800 31.0811 -27.7081
35900 28.7206 -32.4954
36000 28.7638 -26.9071
36100 28.7242 -29.9028
36200 31.0696 -29.6252
36300 28.3013 -28.8109
36400 29.3087 -30.6634
36500 32.0933 -29.6955
36600 28.4216 -29.8604
36700 30.1152 -29.1627
36800 28.4092 -31.8478
36900 31.7612 -27.6142
37000 27.5855 -29.3045
37100 32.5151 -30.3472
37200 29.4676 -32.8733
37300 30.4844 -27.7303
37400 30.4248 -31.3917
37500 30.4449 -30.7957
37600 30.5059 -29.6529
37700 29.0097 -31.1047
37800 32.9019 -27.8683
37900 27.6957 -32.107
38000 33.6158 -30.4453
38100 29.364 -33.6782
38200 31.3177 -27.6002
38300 30.0024 -30.2047
38400 32.1186 -34.3091
38500 30.705 -29.5915
38600 28.9346 -30.1028
38700 34.6067 -30.2803
38800 29.1918 -34.6524
38900 31.9801 -29.1262
39000 31.0063 -30.6606
39100 32.0534 -31.1056
39200 29.0722 -32.6611
39300 32.216 -31.9507
39400 34.6854 -30.8618
39500 29.7837 -31.8684
39600 30.3506 -31.3863
39700 32.9481 -33.9345
39800 33.8267 -29.0184
39900 28.0262 -32.0994
40000 32.4829 -32.6627
40100 33.3905 -32.9788
40200 32.0297 -28.8122
40300 31.4579 -33.973
40400 32.1483 -33.5326
40500 33.2387 -30.8839
40600 30.9848 -33.2759
40700 33.312 -32.2149
40800 31.6828 -32.2567
40900 33.361 -30.0888
41000 32.0857 -35.3076
41100 32.3117 -32.5445
41200 32.6881 -30.4283
41300 32.5376 -34.7618
41400 33.6899 -32.463
41500 31.4794 -33.3209
41600 34.8292 -31.0886
41700 32.0225 -34.4375
41800 33.135 -33.1794
41900 33.4138 -32.7987
42000 32.7443 -33.3309
42100 33.2205 -33.267
42200 33.4489 -33.1958
42300 34.5008 -32.7686
42400 31.4746 -33.9048
42500 33.5604 -34.1617
42600 35.362 -34.6954
42700 33.0974 -32.477
42800 32.3021 -32.6989
42900 35.4059 -34.8294
43000 33.6514 -33.3717
43100 32.7048 -34.0527
43200 34.3243 -33.3687
43300 34.6045 -35.2249
43400 33.6607 -32.7779
43500 33.8351 -35.2904
43600 35.0122 -33.5508
43700 33.791 -33.4644
43800 33.7355 -35.6195
43900 35.6373 -34.9231
44000 33.2446 -33.9587
44100 35.1656 -32.3247
44200 33.3742 -36.4998
44300 37.2082 -35.8457
44400 33.2497 -32.3994
44500 33.957 -34.134
44600 35.6441 -36.6366
44700 34.4985 -35.3063
44800 35.6355 -32.6993
44900 34.0123 -35.484
45000 36.2634 -36.7702
45100 34.964 -34.7295
45200 35.2203 -34.0386
45300 35.8437 -36.3014
45400 33.6393 -34.9357
45500 35.9069 -35.1677
45600 35.9136 -35.9295
45700 35.6132 -34.9316
45800 34.7108 -34.8471
45900 37.0121 -35.7522
46000 36.175 -38.7384
46100 34.6693 -33.674
46200 35.0741 -35.2421
46300 36.876 -38.3212
46400 36.5758 -34.7307
46500 34.814 -34.7403
46600 36.0203 -36.0092
46700 36.349 -39.0789
46800 35.8061 -34.4642
46900 35.9419 -35.0743
47000 36.3862 -37.9784
47100 37.1935 -36.0164
47200 36.1814 -35.7926
47300 36.8436 -36.0508
47400 35.9685 -37.756
47500 37.0172 -36.0423
47600 36.2796 -37.8614
47700 36.9425 -35.4209
47800 36.2621 -36.9733
47900 37.7447 -37.4502
48000 37.1102 -36.3175
48100 35.7185 -36.8323
48200 38.1132 -35.4675
48300 36.3032 -39.713
48400 37.5265 -36.505
48500 36.5069 -36.1016
48600 38.1124 -37.5131
48700 37.572 -37.3325
48800 37.4613 -38.2108
48900 38.6761 -36.9747
49000 35.0496 -37.9061
49100 38.2947 -37.6638
49200 37.7282 -37.2907
49300 38.6699 -37.1357
49400 36.2702 -37.5438
49500 37.4461 -38.6082
49600 39.425 -38.9231
49700 37.3695 -37.8793
49800 38.3457 -36.8592
49900 37.7994 -38.9496
50000 39.3031 -38.2722
50100 37.7869 -38.1259
50200 37.8641 -38.2147
50300 38.2595 -37.4745
50400 37.521 -39.5573
50500 39.8305 -38.2757
50600 37.9185 -38.5306
50700 37.7835 -37.8264
50800 38.9062 -38.7458
50900 39.5301 -38.2921
51000 40.2142 -38.5333
51100 36.3284 -40.4674
51200 40.1255 -38.1271
51300 39.9107 -40.0202
51400 38.776 -37.9914
51500 37.4578 -38.722
51600 40.0371 -38.4065
51700 40.4931 -40.3338
51800 37.8965 -40.7799
51900 39.6078 -37.3184
52000 37.4294 -40.6329
52100 40.4361 -38.5034
52200 40.2179 -39.2605
52300 39.7902 -39.4273
52400 39.2186 -40.1683
52500 38.5899 -39.6568
52600 41.0469 -38.7141
52700 38.6755 -41.9479
52800 39.2679 -38.1636
52900 40.7409 -39.7222
53000 42.5997 -40.6864
53100 37.9782 -39.7904
53200 38.276 -38.4716
53300 41.0423 -40.7881
53400 41.0688 -43.5859
53500 40.0207 -37.4694
53600 38.6454 -39.02
53700 41.5402 -41.2414
53800 41.5322 -40.622
53900 38.5895 -39.3735
54000 39.9523 -40.8045
54100 40.6828 -43.3984
54200 41.8645 -38.5149
54300 40.7198 -39.9302
54400 39.8327 -41.6574
54500 42.333 -40.0524
54600 40.8109 -41.1219
54700 40.8071 -41.8328
54800 38.8524 -41.7219
54900 41.3528 -38.5438
55000 42.7106 -42.502
55100 42.2301 -42.0841
55200 40.4442 -38.7585
55300 39.6435 -41.5829
55400 42.5821 -42.7598
55500 41.6324 -42.0841
55600 38.9824 -39.4467
55700 41.7551 -42.4587
55800 44.1423 -41.9841
55900 41.9891 -39.7586
56000 39.2643 -41.9385
56100 42.5833 -43.1221
56200 41.9958 -42.2252
56300 41.5629 -40.8955
56400 41.2604 -43.4686
56500 43.7433 -40.2869
56600 42.249 -40.56
56700 41.0677 -43.8295
56800 43.213 -42.7028
56900 39.6032 -41.7639
57000 42.3495 -42.1994
57100 43.7864 -43.3552
57200 43.0147 -41.1639
57300 40.5744 -40.8809
57400 43.2363 -42.9054
57500 44.627 -43.0453
57600 38.2923 -44.2397
57700 42.9121 -42.0513
57800 44.0068 -42.7803
57900 42.8157 -41.8408
58000 43.7168 -42.0105
58100 42.8128 -43.7308
58200 44.5771 -42.1764
58300 40.2195 -43.3335
58400 43.4278 -44.3551
58500 43.5098 -43.4672
58600 42.8031 -41.3994
58700 44.9797 -42.734
58800 42.785 -44.4194
58900 43.5479 -43.0344
59000 40.5574 -43.8908
59100 45.2869 -44.1968
59200 43.1443 -44.0662
59300 42.6014 -43.4354
59400 45.4073 -41.2104
59500 43.562 -43.893
59600 43.5423 -44.0541
59700 43.3858 -44.1823
59800 43.8937 -44.6948
59900 43.7334 -42.4827
60000 43.2646 -44.4163
60100 46.6754 -44.1167
60200 42.5756 -44.3222
60300 44.0788 -42.3364
60400 43.6742 -45.1362
60500 44.4025 -46.6248
60600 43.9925 -42.8446
60700 43.7255 -43.8645
60800 45.9619 -44.3968
60900 44.0782 -44.6028
61000 44.4537 -44.2083
61100 45.12 -44.4228
61200 43.7778 -46.3936
61300 45.1205 -44.2805
61400 43.6177 -44.4373
61500 46.6298 -43.4147
61600 43.6991 -44.7576
61700 46.3028 -45.9055
61800 44.3419 -44.9151
61900 43.3813 -45.1185
62000 45.2917 -44.6065
62100 45.7157 -47.2868
62200 45.3587 -45.2391
62300 45.3561 -41.9353
62400 44.9684 -45.7632
62500 46.6981 -45.9475
62600 44.6562 -46.7018
62700 45.5724 -43.067
62800 44.7073 -47.9087
62900 46.0403 -45.3199
63000 45.7078 -45.2292
63100 45.338 -45.3481
63200 47.8852 -45.464
63300 44.5124 -46.9243
63400 44.2203 -45.4237
63500 47.0637 -44.9003
63600 45.9954 -47.6411
63700 46.7935 -45.5874
63800 45.1041 -46.72
63900 47.4707 -44.5646
64000 45.9579 -46.4883
64100 45.4232 -48.1146
64200 47.8967 -45.6519
64300 44.8955 -46.8242
64400 47.9678 -45.2849
64500 45.0391 -47.4631
64600 47.721 -47.6374
64700 47.841 -44.8229
64800 44.7544 -47.0118
64900 47.4213 -47.0207
65000 45.4058 -47.3615
65100 48.7077 -45.6825
65200 46.2523 -46.7246
65300 46.1645 -48.51
65400 47.6357 -45.1133
65500 45.9554 -48.2071
65600 48.7073 -46.9136
65700 46.4681 -48.2817
65800 46.2509 -45.5716
65900 48.2893 -46.5852
66000 48.0791 -48.6735
66100 46.697 -45.9898
66200 46.3637 -47.9993
66300 47.3726 -47.2815
66400 49.8654 -48.9677
66500 43.8709 -47.3113
66600 49.6413 -46.207
66700 48.464 -48.3071
66800 48.4071 -47.6979
66900 46.6249 -46.5446
67000 45.7611 -48.6136
67100 51.0465 -49.4338
67200 46.6714 -48.6038
67300 47.5559 -46.712
67400 47.8162 -47.4472
67500 50.8542 -49.2461
67600 47.9038 -47.0536
67700 46.1418 -48.7964
67800 48.6266 -47.7455
67900 48.8056 -50.8084
68000 47.836 -47.5855
68100 49.9349 -46.6087
68200 47.0811 -50.0758
68300 50.0421 -46.874
68400 49.136 -49.1546
68500 46.1261 -49.5321
68600 49.2344 -48.7112
68700 48.0091 -48.8339
68800 51.233 -49.211
68900 47.7457 -47.7622
69000 49.6663 -47.9878
69100 49.1146 -49.0477
69200 49.1065 -51.9029
69300 48.4321 -47.6445
69400 46.6679 -49.3328
69500 49.9272 -49.7922
69600 52.5924 -48.1154
69700 48.4431 -49.6758
69800 48.2126 -46.7545
69900 50.5593 -51.4396
70000 49.0616 -50.32
70100 48.8935 -49.8195
70200 46.9353 -49.2045
70300 52.1638 -49.9322
70400 49.8991 -49.0139
70500 50.4984 -48.863
70600 49.1859 -48.9657
70700 50.6348 -52.1085
70800 49.4773 -49.1372
70900 47.8465 -50.2577
71000 50.7993 -50.1372
71100 51.1797 -50.7138
71200 49.8194 -49.1747
71300 50.6572 -47.7666
71400 50.2881 -52.722
71500 49.6511 -51.4159
71600 50.3679 -49.0087
71700 49.5301 -50.3809
71800 51.5763 -52.4068
71900 50.1607 -48.7608
72000 51.9935 -49.173
72100 50.6632 -51.309
72200 50.4336 -52.0887
72300 49.5824 -49.5349
72400 50.1024 -51.7523
72500 51.76 -50.889
72600 51.3229 -51.9536
72700 50.7556 -49.1922
72800 51.9911 -50.3141
72900 50.738 -51.4159
73000 50.7878 -52.4976
73100 50.0036 -52.0035
73200 51.8389 -50.3974
73300 51.1712 -51.1816
73400 51.751 -51.2286
73500 52.2766 -50.8304
73600 51.7091 -50.5899
73700 50.9891 -52.0405
73800 50.1525 -52.8954
73900 51.4138 -52.2393
74000 51.6558 -50.5426
74100 51.7189 -51.8165
74200 53.3239 -51.1723
74300 52.9328 -51.5931
74400 50.2085 -49.9443
74500 52.1063 -53.2808
74600 51.4593 -55.3536
74700 51.4474 -51.8992
74800 50.7929 -49.1285
74900 53.6212 -52.2819
75000 54.5822 -53.6583
75100 52.2538 -50.536
75200 50.1557 -50.6865
75300 51.6653 -53.9697
75400 53.6989 -55.576
75500 50.6416 -50.9411
75600 52.1527 -50.913
75700 53.6859 -53.0729
75800 54.8079 -52.8992
75900 51.0665 -50.9232
76000 52.2023 -52.2625
76100 53.1554 -54.3746
76200 51.8735 -54.4193
76300 52.2871 -51.8094
76400 53.0333 -52.0057
76500 54.5603 -52.9065
76600 53.5887 -51.7291
76700 52.3071 -53.8373
76800 52.5694 -53.0151
76900 52.5844 -54.4928
77000 51.3967 -53.6182
77100 54.81 -53.1815
77200 53.6292 -52.4251
77300 54.8305 -51.6854
77400 52.6507 -53.1919
77500 54.0335 -54.8869
77600 53.0512 -53.3298
77700 51.6173 -54.4884
77800 53.4439 -53.886
77900 54.1429 -54.2921
78000 54.7914 -51.7587
78100 54.7275 -51.6766
78200 54.2642 -56.004
78300 53.1568 -54.5651
78400 52.6274 -53.1187
78500 52.5045 -55.6348
78600 55.7512 -54.3983
78700 53.6523 -52.4192
78800 55.3196 -53.2218
78900 55.7266 -53.3903
79000 53.7383 -55.7386
79100 52.9656 -53.621
79200 52.5058 -55.5512
79300 54.5584 -56.2297
79400 55.7733 -54.3226
79500 52.9467 -52.6148
79600 56.8805 -53.0986
79700 56.2808 -55.3426
79800 53.269 -54.3809
79900 52.9759 -54.3579
80000 55.0248 -57.4445
80100 55.2696 -55.4611
80200 53.7564 -53.5415
80300 55.1109 -53.4834
80400 57.9677 -55.3239
80500 55.2471 -54.8737
80600 53.2349 -54.3813
80700 53.6782 -56.0993
80800 56.0478 -57.7229
80900 55.2364 -54.1725
81000 53.808 -54.1127
81100 57.4322 -55.3565
81200 57.7503 -55.2121
81300 54.671 -54.6432
81400 53.5688 -54.7489
81500 55.0886 -58.2061
81600 55.7715 -56.9913
81700 55.5992 -54.3988
81800 54.6958 -54.7788
81900 57.8385 -55.7308
82000 57.5989 -55.0148
82100 54.6396 -55.6961
82200 55.3008 -55.8783
82300 54.7184 -58.5962
82400 55.8477 -55.6398
82500 57.3404 -56.351
82600 54.4875 -55.6533
82700 58.24 -53.6903
82800 56.6275 -56.2126
82900 57.0166 -57.4194
83000 55.3111 -55.1646
83100 52.878 -58.5631
83200 57.9223 -56.8862
83300 57.8265 -57.1129
83400 54.102 -54.7978
83500 58.4919 -54.1787
83600 58.0204 -57.7271
83700 57.4048 -57.2572
83800 54.9807 -55.3778
83900 53.4663 -59.0421
84000 58.4344 -57.0685
84100 57.7935 -57.3744
84200 55.3756 -54.9877
84300 59.3108 -55.3556
84400 58.1389 -57.9725
84500 56.1649 -57.2821
84600 55.0439 -56.0826
84700 56.1139 -60.1058
84800 58.3513 -57.4067
84900 56.9393 -56.0343
85000 56.6637 -56.5111
85100 60.5775 -56.4596
85200 57.3921 -57.5641
85300 56.0209 -56.3781
85400 57.1113 -58.6848
85500 56.6768 -60.4226
85600 57.325 -56.4787
85700 56.7454 -56.5317
85800 58.8499 -57.5111
85900 61.2123 -57.1625
86000 56.157 -56.8092
86100 57.1466 -57.0589
86200 57.1781 -59.9226
86300 57.0051 -60.7857
86400 57.2835 -56.662
86500 57.7185 -57.0702
86600 59.9201 -57.6852
86700 60.834 -57.5297
86800 57.3925 -56.8417
86900 56.9004 -58.3529
87000 56.7857 -59.8745
87100 57.8133 -60.7174
87200 58.4149 -57.9319
87300 58.3305 -57.1159
87400 60.1067 -56.4711
87500 60.1257 -58.4228
87600 58.5948 -58.1326
87700 56.834 -58.6583
87800 57.1368 -60.2128
87900 58.3678 -60.7457
88000 59.0957 -58.4591
88100 58.7789 -57.8299
88200 59.9288 -55.9392
88300 60.0694 -59.9139
88400 59.5124 -58.6871
88500 57.8066 -58.8555
88600 57.2653 -59.5909
88700 59.4344 -61.169
88800 59.2188 -60.4759
88900 58.0356 -57.4044
89000 60.5595 -56.971
89100 60.6592 -59.4892
89200 60.8732 -59.3443
89300 58.131 -57.8802
89400 57.0521 -60.882
89500 59.2195 -62.0996
89600 58.9393 -60.0883
89700 59.0041 -58.1143
89800 60.6126 -57.656
89900 62.7232 -59.3954
90000 59.8386 -59.1779
90100 58.3472 -59.065
90200 57.9096 -61.9693
90300 59.3953 -62.0512
90400 59.6842 -60.086
90500 59.7134 -57.9333
90600 61.6949 -59.1752
90700 61.5893 -58.5066
90800 60.2673 -59.6918
90900 59.005 -59.4313
91000 58.8451 -62.7011
91100 59.0595 -62.4272
91200 59.131 -59.0791
91300 61.4415 -59.1608
91400 61.6588 -59.2153
91500 61.3779 -60.1803
91600 60.0193 -59.2192
91700 60.643 -60.6615
91800 59.394 -62.088
91900 59.4095 -62.3336
92000 59.2434 -60.9928
92100 60.7913 -59.2006
92200 62.3011 -60.1964
92300 63.0158 -59.8396
92400 60.9533 -59.3985
92500 59.5092 -60.6001
92600 60.0319 -62.7766
92700 60.6165 -63.46
92800 59.2562 -60.2523
92900 60.8618 -60.1483
93000 61.8169 -60.5513
93100 63.6609 -60.4878
93200 61.7419 -59.7596
93300 60.057 -59.6654
93400 60.6273 -63.3205
93500 60.3774 -64.3445
93600 61.0603 -60.911
93700 59.3149 -60.3397
93800 63.4651 -60.4254
93900 63.9032 -60.883
94000 61.5873 -61.4562
94100 60.9425 -59.9478
94200 60.0979 -62.6719
94300 61.4004 -64.3866
94400 61.5049 -62.069
94500 60.5058 -61.3534
94600 62.665 -59.4005
94700 63.2189 -62.2958
94800 63.1564 -61.0873
94900 61.25 -61.1454
95000 60.7139 -62.5088
95100 61.8771 -63.8
95200 61.2543 -63.5747
95300 61.1009 -61.8417
95400 62.6196 -61.2905
95500 63.7196 -60.6762
95600 64.3465 -61.1853
95700 61.4251 -62.0324
95800 61.9683 -63.659
95900 60.482 -62.9935
96000 62.0255 -64.1544
96100 62.2775 -61.8354
96200 63.346 -63.0257
96300 62.9794 -60.0327
96400 63.7458 -62.2953
96500 62.2766 -61.6458
96600 63.9844 -63.6728
96700 60.2732 -63.3361
96800 62.2917 -63.7844
96900 62.6422 -62.7538
97000 63.7552 -64.9249
97100 63.9178 -60.4621
97200 63.4942 -62.094
97300 63.3119 -61.6232
97400 63.4198 -64.0316
97500 61.7883 -64.4593
97600 62.2408 -62.9397
97700 60.8682 -63.8084
97800 64.7093 -63.3614
97900 64.6751 -63.68
98000 63.8761 -61.384
98100 63.4926 -61.2061
98200 63.4131 -64.4704
98300 64.4934 -65.9344
98400 61.0308 -63.7674
98500 61.2395 -62.3774
98600 64.4252 -64.6213
98700 65.2537 -64.624
98800 63.5469 -61.1034
98900 63.704 -61.1668
99000 65.3887 -64.7095
99100 64.6711 -64.6688
99200 61.3559 -65.6883
99300 61.701 -64.0989
99400 63.4231 -64.1761
99500 65.9386 -64.19
99600 66.3828 -61.715
99700 63.8123 -62.6659
99800 62.5655 -63.5542
99900 65.5498 -66.1617
100000 63.3124 -65.4026
100100 63.1911 -64.1633
100200 62.0827 -63.582
100300 66.0238 -66.8897
100400 65.48 -62.8895
100500 64.6682 -62.9948
100600 64.4504 -60.5866
100700 65.2995 -67.47
100800 64.3866 -65.2361
100900 62.1036 -66.2084
101000 61.2511 -64.4151
101100 67.1976 -64.3871
101200 66.1603 -65.3214
101300 66.6878 -61.6664
101400 63.3162 -63.4863
101500 65.114 -65.0597
101600 66.6706 -67.0032
101700 61.3707 -66.4329
101800 64.2346 -64.0277
101900 63.3321 -65.3732
102000 68.1402 -66.6237
102100 64.9945 -61.3501
102200 66.0053 -64.5906
102300 65.813 -63.279
102400 65.6105 -67.6122
102500 62.6668 -65.2527
102600 64.5365 -67.8303
102700 63.744 -64.9578
102800 67.2885 -65.5402
102900 65.7288 -63.9676
103000 68.1507 -63.7617
103100 64.1642 -65.2803
103200 66.9166 -64.8196
103300 64.1487 -67.3322
103400 62.9377 -67.2163
103500 66.3312 -65.4393
103600 63.6378 -66.9395
103700 68.4945 -64.9939
103800 66.7211 -62.5493
103900 67.2138 -66.9433
104000 65.864 -63.3208
104100 65.2077 -68.202
104200 62.9301 -66.8649
104300 67.8493 -68.2261
104400 62.9222 -64.6114
104500 67.4961 -66.9256
104600 67.2321 -63.2358
104700 67.9242 -65.9693
104800 65.6141 -65.3854
104900 67.4695 -64.999
105000 63.5424 -68.7101
105100 64.5009 -67.7111
105200 68.4046 -67.5613
105300 63.8279 -66.1356
105400 68.9614 -64.8531
105500 66.8508 -65.1351
105600 69.4069 -67.2036
105700 64.9022 -63.4882
105800 65.6677 -67.7579
105900 64.5532 -68.7929
106000 67.7773 -69.0556
106100 64.6095 -64.9771
106200 67.026 -67.2019
106300 69.03 -65.3431
106400 68.4189 -66.6133
106500 66.9204 -65.7477
106600 66.3519 -65.9004
106700 65.7736 -69.034
106800 66.2104 -69.4569
106900 66.9608 -67.9154
107000 64.816 -65.7609
107100 68.2651 -65.8418
107200 70.6641 -66.9815
107300 67.7238 -66.6832
107400 64.7619 -64.7049
107500 68.2576 -68.7977
107600 66.1985 -69.4561
107700 66.7786 -68.8493
107800 65.9121 -66.6258
107900 67.4279 -67.6357
108000 69.0569 -65.3815
108100 70.9689 -68.1465
108200 66.5243 -66.9993
108300 66.5003 -66.327
108400 68.0037 -68.7399
108500 67.5093 -70.7798
108600 67.1503 -66.9867
108700 64.6598 -68.0021
108800 70.0552 -67.7211
108900 69.3309 -65.3545
109000 70.233 -68.6752
109100 66.5884 -66.6861
109200 67.9413 -67.0859
109300 66.164 -69.5893
109400 69.1853 -70.799
109500 66.8921 -66.8722
109600 66.2805 -68.947
109700 69.7445 -67.7737
109800 70.1401 -65.677
109900 69.3115 -68.1858
110000 68.4747 -67.9695
110100 67.8103 -69.3635
110200 65.9724 -69.5369
110300 68.896 -70.7082
110400 67.9491 -66.8297
110500 67.4007 -69.5515
110600 70.4133 -66.1261
110700 70.8811 -68.6089
110800 69.1698 -68.5017
110900 68.6054 -68.551
111000 65.9461 -69.5705
111100 66.8249 -69.8898
111200 71.3865 -71.0368
111300 67.8214 -67.7663
111400 69.0305 -67.2354
111500 70.5162 -66.9777
111600 70.6511 -70.1593
111700 69.0433 -67.8387
111800 68.5916 -69.0547
111900 65.5025 -70.8146
112000 68.9148 -70.1973
112100 71.0822 -70.7934
112200 67.3607 -67.827
112300 70.2011 -66.7634
112400 70.1893 -69.127
112500 71.9278 -69.7412
112600 69.4049 -68.3326
112700 67.2596 -70.408
112800 67.0506 -69.9274
112900 69.9939 -71.4489
113000 70.7727 -70.714
113100 67.5604 -68.1005
113200 70.3504 -65.9366
113300 72.0537 -70.6358
113400 71.6087 -70.7768
113500 68.4295 -67.5533
113600 66.4139 -70.4058
113700 68.0225 -70.9668
113800 72.0271 -71.6976
113900 69.7932 -70.7283
114000 68.4359 -67.7453
114100 71.2034 -66.903
114200 71.8443 -71.9137
114300 70.8609 -70.1599
114400 69.2959 -68.1544
114500 67.2026 -70.7018
114600 69.5521 -71.3574
114700 71.687 -72.249
114800 70.0343 -70.3366
114900 69.9434 -68.0514
115000 70.4273 -68.2047
115100 71.5961 -71.7295
115200 71.4414 -70.1743
115300 70.2672 -69.5411
115400 67.1815 -71.1905
115500 70.4436 -72.1362
115600 72.0826 -71.2142
115700 69.8998 -71.0205
115800 70.754 -67.9036
115900 70.98 -68.9444
116000 71.6544 -72.7844
116100 72.3116 -70.3546
116200 69.1941 -70.6427
116300 66.9841 -71.7577
116400 71.7548 -70.4148
116500 72.3157 -72.4524
116600 70.7437 -70.9162
116700 72.036 -67.9868
116800 69.9378 -69.2311
116900 72.3286 -72.6758
117000 72.6519 -71.8248
117100 69.3406 -71.3265
117200 66.6491 -72.0246
117300 73.3209 -70.5958
117400 71.7264 -73.2696
117500 72.1186 -71.7589
117600 72.0654 -66.4584
117700 71.0113 -69.8849
117800 72.529 -73.7836
117900 72.9461 -71.6893
118000 68.6358 -72.0608
118100 67.4751 -72.4348
118200 73.3525 -71.6512
118300 72.8865 -72.9581
118400 71.7458 -71.6972
118500 71.877 -66.7417
118600 71.273 -70.6895
118700 73.625 -74.5712
118800 73.096 -72.1857
118900 68.5168 -72.3644
119000 69.016 -71.7539
119100 73.2462 -70.9549
119200 73.4957 -74.1007
119300 72.1316 -71.6084
119400 72.6598 -67.3427
119500 71.9274 -71.815
119600 72.5024 -74.3505
119700 72.4159 -72.8101
119800 68.5234 -72.4891
119900 70.227 -73.4936
120000 73.4861 -70.5623
120100 74.0736 -74.7814
120200 72.4999 -70.3947
120300 74.145 -68.3293
120400 71.9634 -71.4536
120500 72.1437 -74.833
120600 73.84 -73.4235
120700 68.9991 -73.0491
120800 71.1574 -74.1589
120900 72.1397 -71.3953
121000 74.1135 -74.0557
121100 73.21 -70.2583
121200 74.1763 -70.2472
121300 72.2541 -72.2596
121400 72.8321 -74.0389
121500 74.2225 -73.4105
121600 68.404 -74.0758
121700 71.766 -73.4328
121800 72.0316 -71.8318
121900 76.0443 -73.9359
122000 73.2408 -72.5429
122100 74.6917 -69.5129
122200 72.4467 -71.5419
122300 72.5363 -73.494
122400 75.1623 -75.9464
122500 68.2581 -74.2737
122600 72.7449 -74.4537
122700 71.2434 -71.7697
122800 75.3063 -73.5078
122900 74.8067 -72.9539
123000 75.4519 -70.0605
123100 73.0738 -72.249
123200 72.6461 -72.909
123300 75.107 -75.4583
123400 70.0846 -75.0494
123500 71.622 -75.9227
123600 72.2669 -71.269
123700 75.2002 -74.7214
123800 74.9834 -74.4882
123900 74.2193 -68.8914
124000 75.5318 -72.8127
124100 72.875 -72.8236
124200 74.59 -76.0978
124300 71.3838 -75.4784
124400 71.7366 -74.1665
124500 72.7951 -74.2458
124600 73.9263 -74.3498
124700 76.1145 -73.8939
124800 75.4922 -70.1651
124900 74.6554 -73.953
125000 73.0566 -72.3129
125100 76.1746 -74.5115
125200 72.0429 -76.4577
125300 70.8592 -75.4955
125400 73.1377 -74.7257
125500 74.7527 -73.3828
125600 75.2364 -75.5784
125700 76.2198 -71.8557
125800 75.2445 -72.2631
125900 74.4147 -71.8925
126000 74.0359 -75.9144
126100 74.5548 -75.9778
126200 71.5968 -76.3632
126300 73.8016 -75.6896
126400 71.9459 -73.9803
126500 77.0215 -74.5154
126600 75.1629 -73.1233
126700 76.7079 -72.5316
126800 76.0629 -72.7959
126900 73.3052 -74.203
127000 75.53 -77.935
127100 73.0726 -74.9901
127200 72.4697 -76.8557
127300 72.6743 -74.7838
127400 75.0198 -74.8476
127500 78.0744 -74.5293
127600 76.2556 -71.6204
127700 75.927 -75.28
127800 74.5362 -72.6829
127900 76.583 -76.8424
128000 72.2993 -76.7208
128100 72.0174 -76.7993
128200 74.7155 -75.573
128300 74.6339 -74.0632
128400 77.6699 -76.5552
128500 75.8896 -71.5691
128600 78.0753 -73.3343
128700 75.5364 -74.4812
128800 75.0663 -75.9896
128900 75.2526 -77.2233
129000 71.2421 -76.2263
129100 74.0894 -78.7112
129200 74.9427 -75.3894
129300 76.9414 -74.6604
129400 76.36 -74.5463
129500 77.1812 -72.4647
129600 78.4213 -75.0242
129700 74.7249 -74.5886
129800 75.0877 -77.4638
129900 72.9314 -76.572
130000 73.8051 -77.8381
130100 75.8012 -77.8125
130200 74.8517 -74.4119
130300 78.4746 -75.7304
130400 76.3706 -72.2621
130500 78.3168 -74.7158
130600 76.8373 -75.4315
130700 74.2881 -76.1771
130800 76.2057 -78.8633
130900 72.7795 -76.0884
131000 74.2881 -78.3773
131100 76.3933 -76.3492
131200 77.103 -74.2439
131300 78.5665 -75.3304
131400 76.6276 -74.6287
131500 78.0541 -74.3078
131600 75.9115 -76.8258
131700 75.1932 -77.9943
131800 73.9189 -78.3045
131900 75.8979 -76.8108
132000 74.5963 -78.0683
132100 77.0629 -75.2974
132200 78.0552 -76.1229
132300 78.6028 -72.8675
132400 77.3953 -76.9421
132500 77.89 -75.5763
132600 74.8666 -77.3002
132700 75.8608 -77.8443
132800 72.9259 -78.5227
132900 77.6921 -77.407
133000 75.2274 -77.4194
133100 77.2046 -75.2591
133200 78.8493 -75.9389
133300 78.4607 -73.2655
133400 78.4255 -77.1821
133500 77.0444 -76.4513
133600 75.3329 -77.5385
133700 75.2847 -79.6501
133800 74.0459 -78.0922
133900 77.3871 -79.042
134000 76.8889 -75.7296
134100 78.2859 -76.3103
134200 79.8429 -74.1502
134300 77.9776 -75.1867
134400 78.3975 -77.4993
134500 75.6459 -76.8837
134600 76.0711 -78.2348
134700 74.4605 -80.5395
134800 76.5339 -77.4746
134900 78.0321 -79.1442
135000 77.365 -75.2762
135100 77.9997 -76.9082
135200 79.8333 -73.9565
135300 78.6663 -77.5206
135400 79.3705 -77.2533
135500 74.3242 -78.1108
135600 76.9551 -77.8405
135700 73.9639 -80.1793
135800 78.5259 -79.2476
135900 76.6333 -79.6333
136000 79.229 -74.308
136100 78.0683 -76.4622
136200 80.1212 -74.9099
136300 79.7116 -78.9164
136400 78.5746 -76.2585
136500 74.538 -79.4065
136600 76.6762 -78.6918
136700 75.2136 -79.9394
136800 79.0926 -80.1007
136900 76.3144 -77.8938
137000 79.9641 -74.5
137100 78.1696 -76.1696
137200 80.557 -76.9928
137300 80.2282 -79.2992
137400 77.5452 -76.8073
137500 75.3644 -80.0712
137600 76.5864 -79.0474
137700 77.4371 -79.9247
137800 79.026 -79.8946
137900 76.9511 -76.8541
138000 79.9693 -75.6149
138100 79.0122 -76.5297
138200 80.2044 -78.6035
138300 80.4065 -79.2838
138400 76.6907 -76.4497
138500 75.8937 -80.3757
138600 76.8454 -80.3547
138700 78.8159 -80.4201
138800 79.4072 -79.0574
138900 76.9074 -77.3322
139000 81.0389 -76.3421
139100 80.554 -77.2543
139200 79.224 -78.5739
139300 79.6336 -79.1377
139400 76.8591 -77.0533
139500 76.6158 -81.2019
139600 77.6107 -80.5146
139700 77.6432 -78.8869
139800 79.978 -80.4321
139900 77.5806 -77.3408
140000 81.9429 -76.131
140100 80.4505 -77.3974
140200 79.6494 -79.3985
140300 79.8959 -79.9606
140400 76.7711 -77.0132
140500 77.3186 -81.8787
140600 76.4871 -80.695
140700 79.9435 -80.3167
140800 79.3466 -79.5762
140900 77.8793 -76.545
141000 82.2616 -77.7132
141100 80.7648 -75.9232
141200 80.6407 -81.525
141300 79.7743 -79.676
141400 76.4773 -77.0308
141500 78.0083 -82.7741
141600 76.0418 -81.3519
141700 81.9018 -80.0258
141800 79.2914 -79.0862
141900 77.3208 -77.7238
142000 82.7947 -78.7347
142100 81.8949 -75.617
142200 80.1605 -80.7642
142300 79.1436 -80.5651
142400 78.4885 -78.1118
142500 77.4306 -82.1349
142600 76.6952 -82.9917
142700 81.3153 -79.9615
142800 80.393 -79.1434
142900 78.1628 -78.3147
143000 81.4774 -77.8722
143100 83.4297 -77.076
143200 80.0508 -79.7842
143300 79.2006 -80.8754
143400 78.8099 -79.6258
143500 78.6426 -80.9503
143600 77.1518 -84.066
143700 79.5915 -79.9767
143800 82.2817 -79.0469
143900 78.7632 -79.4929
144000 81.0526 -78.6253
144100 82.5765 -77.0003
144200 81.1171 -79.5505
144300 80.2897 -83.2652
144400 79.2406 -78.1904
144500 79.0064 -81.4692
144600 77.2715 -83.0725
144700 79.385 -81.4639
144800 82.8052 -79.5096
144900 78.446 -79.3248
145000 82.3973 -79.3062
145100 82.2203 -77.6923
145200 82.2886 -79.0613
145300 79.3879 -82.891
145400 77.7271 -78.9352
145500 81.6158 -82.803
145600 78.2114 -82.2755
145700 78.6788 -83.1441
145800 82.141 -79.0926
145900 80.9275 -78.315
146000 81.3003 -80.8847
146100 83.0271 -77.7876
146200 82.738 -79.3168
146300 79.7177 -82.859
146400 79.0345 -81.7342
146500 80.6076 -79.0376
146600 78.0819 -85.5145
146700 80.2159 -81.385
146800 82.373 -82.0073
146900 81.3981 -78.0339
147000 79.4055 -80.336
147100 84.852 -77.4508
147200 81.6379 -80.9417
147300 83.9669 -82.0948
147400 76.4529 -81.9928
147500 81.0353 -79.9112
147600 78.343 -83.5922
147700 80.646 -83.7222
147800 81.4376 -81.8984
147900 81.5548 -77.9219
148000 81.2379 -81.6497
148100 82.2354 -78.9714
148200 85.0206 -80.0988
148300 81.3611 -81.0798
148400 79.3025 -83.0292
148500 80.901 -81.188
148600 78.8768 -80.8332
148700 79.9715 -85.1627
148800 82.5426 -83.1686
148900 82.3407 -79.4362
149000 80.9524 -79.8038
149100 81.8151 -80.2899
149200 83.7663 -79.5619
149300 85.1814 -81.747
149400 79.2866 -82.6751
149500 78.7999 -82.3757
149600 82.1579 -81.5818
149700 79.6465 -82.8421
149800 80.9483 -85.5763
149900 82.9412 -80.9632
150000 83.0264 -78.5203
150100 81.2603 -80.854
150200 83.1143 -79.7149
150300 84.9127 -82.5034
150400 82.8513 -83.2844
150500 77.9986 -81.7102
150600 80.6462 -82.1765
150700 80.7862 -83.0019
150800 81.5185 -84.223
150900 82.5351 -84.2043
151000 84.1952 -78.3701
151100 82.2656 -80.7788
151200 81.8994 -81.85
151300 84.102 -80.3875
151400 84.5925 -82.332
151500 78.9228 -85.1001
151600 81.1324 -81.1942
151700 82.3068 -83.4859
151800 80.704 -83.6524
151900 81.8971 -84.7676
152000 83.486 -80.8467
152100 84.1438 -79.3205
152200 81.8844 -81.6695
152300 83.1471 -82.5061
152400 86.5 -81.0636
152500 81.618 -83.5753
152600 77.7256 -83.7092
152700 83.1284 -82.3625
152800 81.718 -83.7357
152900 81.4709 -83.8379
153000 83.3512 -83.6105
153100 83.8248 -78.8362
153200 82.6133 -83.8324
153300 83.4665 -81.0944
153400 83.899 -82.3164
153500 85.1622 -82.4541
153600 78.7894 -83.9591
153700 82.4636 -83.5564
153800 82.1178 -82.2894
153900 82.9321 -85.1875
154000 82.1744 -84.5973
154100 83.8314 -79.8496
154200 84.5698 -81.8791
154300 82.0466 -83.766
154400 83.1958 -81.728
154500 85.438 -82.2823
154600 82.1667 -84.2522
154700 81.4542 -84.5199
154800 83.4826 -83.2767
154900 82.8463 -83.1185
155000 83.1056 -84.0942
155100 81.3788 -83.6609
155200 86.0516 -81.3647
155300 83.6863 -83.454
155400 84.103 -82.301
155500 83.4691 -82.8364
155600 84.024 -83.1089
155700 81.5439 -84.7664
155800 82.6307 -83.9992
155900 83.289 -83.8733
156000 82.2601 -84.6413
156100 84.3709 -84.3991
156200 82.2412 -82.0303
156300 86.1481 -81.5409
156400 83.4508 -83.5425
156500 83.6775 -83.3863
156600 84.2429 -83.5089
156700 83.5705 -82.8759
156800 82.2546 -84.3088
156900 84.1155 -84.9125
157000 82.6996 -83.9147
157100 82.1545 -84.511
157200 85.6056 -84.02
157300 82.7726 -82.5642
157400 85.7614 -83.131
157500 83.6054 -83.2138
157600 84.499 -83.5695
157700 84.4217 -83.58
157800 84.6519 -83.4671
157900 81.976 -85.8642
158000 83.7207 -84.8052
158100 83.2077 -83.5213
158200 83.6887 -84.6946
158300 84.0322 -85.3003
158400 83.0689 -82.7046
158500 86.3726 -83.7764
158600 84.7102 -83.609
158700 83.6979 -83.5151
158800 84.3823 -83.7392
158900 85.027 -83.2978
159000 83.4982 -84.6111
159100 84.3567 -86.3388
159200 83.5091 -85.2735
159300 83.2478 -84.0923
159400 83.986 -83.7516
159500 83.8927 -83.8304
159600 85.9301 -84.9474
159700 86.27 -83.3438
159800 84.9528 -84.0113
159900 83.8085 -84.1681
160000 83.7497 -83.6251
160100 83.2448 -84.5576
160200 86.1486 -87.1031
160300 82.6857 -84.948
160400 84.6359 -85.2901
160500 84.5385 -83.8252
160600 83.833 -84.3439
160700 85.1902 -83.8391
160800 87.3542 -84.5656
160900 83.7407 -83.542
161000 85.4141 -84.4568
161100 84.1159 -84.6632
161200 84.6263 -84.8153
161300 84.4109 -85.043
161400 82.8688 -86.9062
161500 85.6432 -84.8598
161600 85.0523 -84.5979
161700 83.1245 -84.7426
161800 85.9492 -85.1574
161900 86.2341 -83.8655
162000 86.2158 -82.3225
162100 84.8018 -87.7676
162200 84.3916 -84.5317
162300 85.2099 -83.9113
162400 84.6673 -86.1675
162500 82.2183 -86.3681
162600 84.4884 -84.9983
162700 87.8851 -84.9918
162800 83.8588 -84.2824
162900 84.7676 -85.5492
163000 86.6578 -83.7384
163100 86.5539 -83.2291
163200 84.5387 -85.9104
163300 85.8118 -86.8941
163400 84.1795 -83.8031
163500 85.7745 -86.456
163600 82.5833 -86.5158
163700 84.443 -86.3041
163800 87.454 -84.5099
163900 85.8332 -84.7217
164000 83.7822 -84.7165
164100 87.6795 -85.4614
164200 85.8896 -84.1074
164300 86.0967 -85.3405
164400 83.7641 -87.581
164500 84.2926 -84.7654
164600 87.0946 -85.6582
164700 83.4063 -87.618
164800 86.0139 -84.9896
164900 85.7375 -85.6881
165000 87.1928 -83.8505
165100 84.626 -84.7956
165200 86.9877 -87.3296
165300 87.3887 -82.9579
165400 84.8435 -87.1941
165500 85.13 -85.3447
165600 83.9103 -87.3601
165700 85.1409 -85.2415
165800 86.8405 -86.962
165900 84.1256 -88.1626
166000 87.2513 -84.965
166100 86.5931 -84.4839
166200 86.8483 -83.9898
166300 85.3528 -85.2649
166400 88.103 -86.6069
166500 87.0544 -85.1657
166600 83.9514 -87.2685
166700 84.3184 -87.302
166800 85.2379 -86.2626
166900 86.4267 -85.9739
167000 85.0676 -88.4083
167100 86.7804 -85.6998
167200 88.1601 -84.4872
167300 86.5961 -84.5337
167400 85.7913 -86.2436
167500 87.0293 -86.266
167600 88.7519 -84.6293
167700 84.6976 -87.8174
167800 84.819 -88.0181
167900 84.4394 -86.091
168000 86.6161 -85.8047
168100 86.2364 -87.9723
168200 83.9659 -88.98
168300 88.6199 -84.3096
168400 88.356 -84.8142
168500 86.5922 -84.366
168600 86.7865 -87.384
168700 87.3574 -85.5596
168800 88.0776 -85.2907
168900 84.6229 -88.4992
169000 85.276 -87.2966
169100 84.8847 -87.1321
169200 87.7314 -87.681
169300 85.136 -86.6586
169400 86.3464 -88.0093
169500 87.5429 -84.5903
169600 87.3777 -85.9872
169700 87.6896 -86.0341
169800 88.1426 -87.4275
169900 86.5532 -85.31
170000 88.1501 -86.2479
170100 84.3661 -88.5568
170200 86.2262 -87.3452
170300 85.9789 -87.4175
170400 87.9841 -87.7819
170500 86.301 -86.6219
170600 86.4144 -87.6098
170700 87.5553 -85.0816
170800 88.0433 -86.5587
170900 87.2162 -86.8246
171000 87.8903 -87.6035
171100 87.7765 -86.27
171200 86.5082 -86.9064
171300 85.6038 -86.7334
171400 85.7062 -88.4495
171500 86.3673 -87.6987
171600 88.1663 -88.3199
171700 86.8876 -87.1703
171800 87.3885 -85.7002
171900 87.996 -85.9447
172000 87.8325 -86.6607
172100 86.674 -87.1912
172200 88.8278 -87.8148
172300 87.5445 -86.6203
172400 85.7415 -87.1239
172500 86.7069 -89.1562
172600 86.7819 -88.0956
172700 87.2696 -87.2318
172800 87.4326 -89.7327
172900 86.8037 -87.4833
173000 88.605 -84.3229
173100 88.8382 -86.9214
173200 88.0691 -87.2211
173300 87.4132 -86.9836
173400 89.2538 -87.7265
173500 87.7847 -86.7721
173600 85.4651 -89.6844
173700 86.9568 -88.9933
173800 87.3869 -88.3198
173900 87.0377 -87.441
174000 87.0196 -88.6581
174100 87.4206 -88.8494
174200 89.5153 -84.716
174300 88.7837 -86.8206
174400 88.1363 -88.2647
174500 88.5336 -86.6302
174600 88.93 -87.2959
174700 87.8752 -87.9364
174800 85.47 -88.4173
174900 87.5755 -90.2319
175000 87.8564 -88.0834
175100 86.5398 -88.2534
175200 87.3617 -89.5261
175300 86.8932 -87.2109
175400 90.2919 -87.037
175500 89.5833 -87.3214
175600 87.8497 -87.7051
175700 89.0854 -86.6338
175800 89.5113 -87.4529
175900 88.2215 -87.9013
176000 86.955 -88.8764
176100 86.6304 -89.03
176200 88.5959 -88.7856
176300 86.6404 -90.291
176400 87.1839 -88.2038
176500 88.0415 -88.8758
176600 89.3129 -87.1257
176700 89.556 -87.2576
176800 88.6658 -88.4473
176900 88.0919 -87.183
177000 90.4174 -87.2934
177100 89.7886 -88.6831
177200 85.705 -88.0969
177300 88.2172 -90.0885
177400 88.4272 -88.5462
177500 86.7525 -89.1187
177600 87.7174 -89.6822
177700 88.0851 -88.9337
177800 89.1011 -87.4859
177900 90.7205 -88.7933
178000 88.2341 -87.6647
178100 89.4391 -87.6117
178200 88.4578 -86.7108
178300 90.4886 -88.2633
178400 87.8825 -89.3936
178500 87.6539 -90.1113
178600 87.8191 -89.6837
178700 89.5217 -88.6893
178800 86.8199 -89.3037
178900 88.4583 -89.9178
179000 88.1775 -87.2805
179100 90.3941 -88.6936
179200 89.5474 -87.9397
179300 88.5481 -88.9088
179400 90.5823 -87.2553
179500 89.4511 -89.2488
179600 87.8566 -88.5189
179700 88.1702 -90.0937
179800 87.6692 -90.4042
179900 89.7698 -88.102
180000 86.5693 -89.8009
180100 88.9083 -90.5593
180200 88.9174 -87.6922
180300 89.8919 -87.5131
180400 90.6426 -88.6907
180500 88.6636 -89.4982
180600 90.3129 -87.771
180700 90.1011 -87.9313
180800 88.6537 -88.7926
180900 87.5357 -90.7001
181000 88.8799 -89.8904
181100 88.2833 -90.4789
181200 89.4977 -89.0714
181300 87.8813 -89.824
181400 88.2522 -89.8869
181500 89.9384 -87.1135
181600 90.9379 -89.8786
181700 90.211 -87.5451
181800 89.6612 -88.694
181900 90.621 -89.1983
182000 88.8264 -89.0298
182100 88.5862 -89.2199
182200 89.6907 -90.5624
182300 87.6843 -91.3841
182400 88.2952 -89.9153
182500 89.3777 -89.5409
182600 89.0776 -89.4153
182700 89.9539 -89.9344
182800 90.0743 -88.6994
182900 91.1779 -87.9695
183000 90.0418 -87.191
183100 89.6803 -90.5542
183200 89.9142 -88.8232
183300 89.4011 -89.3382
183400 89.4778 -90.5433
183500 88.3341 -90.6526
183600 87.1806 -90.6282
183700 88.9114 -90.2071
183800 89.9016 -89.4365
183900 89.2102 -89.5117
184000 90.8885 -90.1617
184100 90.1847 -88.9769
184200 91.3228 -87.2017
184300 89.7662 -88.7396
184400 90.1964 -90.2075
184500 89.9487 -89.5699
184600 89.8336 -90.0041
184700 89.7729 -90.5504
184800 88.1673 -91.1485
184900 87.6595 -91.0444
185000 89.8854 -89.3399
185100 90.1163 -88.1372
185200 90.3016 -93.0045
185300 90.1483 -88.7571
185400 91.4882 -89.654
185500 90.9367 -88.1102
185600 89.2574 -88.6275
185700 89.0281 -90.0178
185800 89.6686 -90.5775
185900 92.2723 -90.4087
186000 88.1533 -90.9439
186100 89.7138 -90.9943
186200 89.7572 -89.8938
186300 88.8088 -88.7014
186400 91.2691 -90.8307
186500 90.5674 -90.8721
186600 90.8032 -90.146
186700 90.7991 -89.2928
186800 89.7371 -88.5017
186900 89.7432 -89.3268
187000 89.7546 -90.7769
187100 90.7913 -91.2875
187200 91.3335 -90.9185
187300 89.7414 -90.8761
187400 88.006 -91.172
187500 89.5014 -89.651
187600 90.9835 -89.1816
187700 90.2862 -91.3288
187800 91.3648 -90.3418
187900 91.4483 -91.8352
188000 90.721 -87.6188
188100 90.7834 -89.6385
188200 89.4939 -89.9341
188300 89.7138 -90.9949
188400 92.2348 -91.0065
188500 90.08 -91.4961
188600 90.4631 -90.4749
188700 87.4258 -90.8758
188800 90.779 -90.2916
188900 91.0129 -90.1886
189000 90.5516 -91.4708
189100 91.2496 -90.9891
189200 91.4652 -91.2333
189300 90.7472 -86.4288
189400 91.2075 -90.5675
189500 90.7801 -91.8247
189600 90.9437 -90.8977
189700 91.384 -90.0914
189800 91.1203 -91.565
189900 88.6859 -91.0556
190000 86.9666 -91.3697
190100 92.1482 -91.3596
190200 91.5944 -90.5033
190300 89.6678 -91.8875
190400 91.4332 -91.452
190500 91.6835 -89.1367
190600 92.1154 -87.0225
190700 90.7554 -90.477
190800 90.018 -92.0751
190900 92.176 -91.6102
191000 91.8637 -90.0402
191100 90.8693 -91.8601
191200 88.2324 -91.2608
191300 89.0531 -92.2259
191400 91.1052 -90.7058
191500 92.1218 -91.4595
191600 90.9031 -91.8467
191700 91.2599 -91.0276
191800 91.5886 -90.466
191900 91.8327 -87.5674
192000 91.5478 -90.5539
192100 91.2273 -91.3901
192200 91.8419 -92.8743
192300 91.6787 -90.6363
192400 91.8345 -91.6635
192500 88.2448 -91.6924
192600 89.1459 -92.0158
192700 90.7688 -91.4839
192800 91.6023 -91.1432
192900 92.7188 -92.0149
193000 90.1945 -92.2304
193100 93.1362 -90.312
193200 90.9431 -89.3859
193300 91.4916 -90.2128
193400 91.5575 -90.8672
193500 91.9141 -91.3715
193600 92.1631 -92.5083
193700 92.0785 -90.7064
193800 89.1026 -93.4375
193900 91.1044 -90.0547
194000 90.336 -92.2966
194100 90.9587 -91.3399
194200 90.4072 -92.7399
194300 92.5978 -91.9271
194400 91.688 -91.8274
194500 92.8587 -89.2528
194600 90.8921 -91.7835
194700 92.6628 -89.7541
194800 91.2846 -90.9283
194900 92.6914 -90.7587
195000 91.8879 -92.6305
195100 91.0462 -91.0617
195200 89.5933 -92.8547
195300 92.3783 -91.2678
195400 90.0794 -93.1797
195500 90.9136 -90.8242
195600 91.1339 -93.0268
195700 91.7857 -92.0377
195800 91.7362 -90.6992
195900 92.5876 -90.0207
196000 92.0266 -92.2779
196100 92.6539 -90.4795
196200 90.7274 -90.9545
196300 93.0714 -91.2348
196400 92.3014 -92.9532
196500 90.5752 -90.9813
196600 91.4521 -92.6178
196700 92.1438 -92.5059
196800 91.0087 -91.318
196900 92.0029 -91.9821
197000 90.0395 -91.8117
197100 92.9164 -93.1162
197200 91.2721 -91.8632
197300 92.3189 -92.0328
197400 92.653 -91.8707
197500 92.1564 -91.3164
197600 91.7112 -91.5925
197700 92.352 -91.975
197800 92.2621 -92.5731
197900 92.3678 -91.1778
198000 92.2758 -92.1619
198100 91.5551 -93.0634
198200 92.1112 -91.493
198300 92.0214 -92.2666
198400 91.9775 -91.2096
198500 92.3599 -93.3338
198600 91.618 -92.0217
198700 91.2776 -91.5188
198800 93.0173 -91.5574
198900 91.4719 -93.5389
199000 92.8526 -91.3378
199100 90.2925 -90.8833
199200 94.2208 -93.3392
199300 92.6815 -92.1524
199400 92.3116 -91.836
199500 91.5574 -92.8135
199600 92.6372 -92.4613
199700 92.3486 -91.8713
199800 90.1583 -91.1819
199900 94.4827 -93.1088
200000 92.1883 -93.3441
200100 91.7959 -92.6912
200200 92.2422 -92.2429
200300 92.1571 -92.5531
200400 93.1584 -92.422
200500 91.3064 -90.4227
200600 92.5435 -93.1501
200700 93.5825 -93.0971
200800 93.2538 -92.7847
200900 92.4229 -91.1497
201000 92.929 -92.7326
201100 92.1287 -92.472
201200 89.1263 -92.4673
201300 93.998 -91.364
201400 93.6538 -93.6543
201500 92.5954 -93.3014
201600 90.6889 -93.424
201700 92.1713 -91.5633
201800 92.8821 -92.1033
201900 93.3219 -90.7024
202000 90.5466 -93.2964
202100 93.3319 -94.6573
202200 93.7179 -92.9491
202300 92.4546 -90.7088
202400 93.5401 -92.3732
202500 91.4305 -92.098
202600 92.3948 -93.7209
202700 92.176 -91.494
202800 94.4373 -93.2872
202900 93.1934 -91.5792
203000 91.4296 -93.3089
203100 92.6944 -93.2893
203200 91.9929 -92.615
203300 92.7077 -92.9674
203400 92.8144 -91.789
203500 92.9828 -93.4129
203600 91.8297 -94.9803
203700 92.492 -90.5587
203800 93.4533 -92.6609
203900 93.0122 -93.6432
204000 93.1378 -92.7731
204100 92.7645 -93.044
204200 91.9532 -91.384
204300 94.5089 -92.6983
204400 93.3312 -92.9537
204500 91.8503 -92.5376
204600 93.4822 -94.0106
204700 92.7627 -91.9234
204800 93.8932 -93.5019
204900 91.1714 -92.4752
205000 93.1514 -93.1977
205100 92.3085 -93.8766
205200 93.5608 -93.2373
205300 92.5832 -93.1843
205400 93.4818 -92.7615
205500 92.3598 -92.5183
205600 92.938 -92.6117
205700 92.3267 -92.255
205800 92.8265 -93.1589
205900 94.1681 -92.4269
206000 94.0785 -94.1475
206100 93.1893 -93.5774
206200 93.2422 -93.1494
206300 92.6201 -92.4922
206400 93.5177 -93.3793
206500 93.024 -92.5637
206600 92.8728 -93.2289
206700 93.1469 -93.7215
206800 93.707 -94.3954
206900 92.7186 -93.7193
207000 93.6063 -92.3732
207100 93.0784 -93.3769
207200 92.7652 -93.7647
207300 92.5981 -92.807
207400 93.1061 -92.5554
207500 94.1863 -94.152
207600 94.0292 -93.5375
207700 93.4136 -92.631
207800 93.9206 -92.7085
207900 92.7695 -94.071
208000 93.4529 -92.0964
208100 94.0513 -93.0424
208200 93.7138 -93.6054
208300 93.142 -93.5213
208400 92.768 -93.557
208500 92.8412 -94.4028
208600 94.0308 -94.4321
208700 93.2543 -91.9516
208800 91.6155 -93.2163
208900 92.4411 -94.643
209000 93.6547 -93.5592
209100 93.3858 -93.1983
209200 94.5066 -92.8026
209300 94.2131 -94.2371
209400 93.1283 -93.9266
209500 91.5883 -92.3534
209600 94.1849 -91.6806
209700 94.6691 -94.5469
209800 94.3624 -92.9221
209900 93.3907 -92.8018
210000 93.79 -94.4503
210100 94.1289 -94.1358
210200 92.515 -91.9351
210300 91.7444 -92.6271
210400 93.13 -94.9315
210500 94.6006 -94.3478
210600 92.2653 -93.5613
210700 94.1259 -94.05
210800 94.8009 -94.9591
210900 93.0043 -93.2496
211000 93.2258 -92.8336
211100 93.3492 -92.3343
211200 93.8754 -94.1576
211300 93.5849 -93.232
211400 94.8264 -91.6685
211500 93.9763 -93.993
211600 94.8908 -94.7833
211700 94.6912 -94.9423
211800 92.1653 -93.582
211900 93.5927 -93.8684
212000 94.7934 -92.0611
212100 91.7358 -93.8706
212200 91.2159 -95.1541
212300 94.9947 -95.1323
212400 95.2068 -95.5758
212500 94.1691 -94.0854
212600 93.7433 -93.37
212700 94.1505 -93.3917
212800 92.3998 -93.1979
212900 93.7079 -91.3935
213000 94.9663 -92.7302
213100 95.2541 -94.0929
213200 95.2047 -94.9593
213300 95.1038 -94.9957
213400 92.7954 -94.2601
213500 94.6409 -93.2807
213600 92.2118 -91.8902
213700 90.6618 -94.4599
213800 93.1419 -94.5795
213900 94.9769 -95.0272
214000 94.201 -95.418
214100 95.4365 -92.9599
214200 94.9135 -94.5718
214300 92.3868 -94.7571
214400 93.2015 -93.2383
214500 94.3995 -91.4592
214600 95.0052 -93.1254
214700 93.7017 -86.5397
214800 94.9536 -45.935
214900 94.7889 -64.6516
215000 80.8212 -49.7383
215100 12.0697 -28.7952
215200 -82.8319 31.3336
215300 -68.0401 14.4546
215400 1.79151 -13.9056
215500 26.0913 0.523572
215600 26.1774 9.02254
215700 20.1539 1.03193
215800 1.17369 -4.80054
215900 -8.57812 -6.5244
216000 -20.5416 1.53353
216100 -6.76987 1.86057
216200 7.04332 -3.01978
216300 6.58023 -3.70286
216400 8.31968 -3.38032
216500 6.54797 4.87476
216600 -0.0130009 0.74259
216700 -0.565464 -6.38161
216800 -3.4727 0.554145
216900 -3.1115 -1.31273
217000 -2.18753 -1.81592
217100 -0.345264 1.83086
217200 4.12128 -1.7975
217300 9.04917 0.491718
217400 0.589804 -1.62457
217500 0.266235 -6.43516
217600 2.16895 4.71553
217700 -3.30241 -3.97737
217800 -4.71992 -0.293663
217900 -3.11347 -1.97201
218000 3.76859 -0.00636809
218100 9.53464 0.61585
218200 4.06167 -0.420255
218300 1.76988 2.44031
218400 -2.59288 -4.26606
218500 -5.36118 -0.199724
218600 -2.74512 -1.85749
218700 2.41761 -1.03151
218800 4.34138 -2.02202
218900 4.59405 3.153
219000 4.51996 -3.58118
219100 -0.434743 1.07504
219200 -1.39701 -2.37646
219300 -4.03453 -1.11925
219400 -1.04066 3.29789
219500 -0.214989 2.46345
219600 0.454361 -2.99551
219700 2.9556 -2.17751
219800 3.34251 -0.0235639
219900 3.0495 -1.50916
220000 0.99769 -1.30895
220100 0.87445 -1.44058
220200 -3.98589 -5.09688
220300 -0.968852 -0.678791
220400 2.19884 -0.648814
220500 1.17777 0.0412524
220600 4.62407 3.08924
220700 2.73875 -2.53921
220800 2.09263 -0.36956
220900 -1.51278 -0.261471
221000 -4.2756 -3.68859
221100 0.85175 2.51957
221200 1.20867 -2.42206
221300 1.12437 0.664562
221400 2.5345 -5.93618
221500 5.82956 -2.4685
221600 3.65322 2.69988
221700 -2.01607 -0.223175
221800 -0.32766 -2.46357
221900 -4.06171 0.0855306
222000 1.03745 -1.91506
222100 2.82872 3.75756
222200 1.98351 -6.24486
222300 2.57356 -0.857209
222400 1.61308 -2.83336
222500 -1.82071 -0.130861
222600 1.52623 -0.252432
222700 1.56498 -3.06631
222800 -0.177968 4.45542
222900 1.99996 -3.76423
223000 0.24966 2.08957
223100 2.55925 -2.76778
223200 0.0654398 0.442917
223300 -1.04729 -1.10423
223400 5.22992 -1.61134
223500 0.937356 -1.17969
223600 -0.822461 -2.26822
223700 -3.08512 1.43132
223800 -0.568836 0.507919
223900 2.34869 -5.71906
224000 1.14765 2.18962
224100 7.99983 -0.618963
224200 1.66155 -1.08377
224300 -3.02521 0.579837
224400 -2.603 -4.71488
224500 -2.27343 2.7956
224600 3.27972 -2.83783
224700 4.71613 -3.29238
224800 1.30577 2.16288
224900 0.248988 -0.931163
225000 -0.261407 -1.13587
225100 1.60934 -0.622031
225200 -0.869976 -1.05767
225300 1.31729 0.958871
225400 -0.533391 -1.42158
225500 3.35639 -1.34074
225600 2.59873 -2.12278
225700 -0.0878789 -0.0470929
225800 1.02242 0.610533
225900 1.57122 -4.165
226000 -0.469905 -2.59303
226100 0.608761 -0.0824882
226200 0.251947 -1.78464
226300 3.84803 -2.28157
226400 4.41537 -0.757758
226500 -2.9544 2.06777
226600 1.83176 -2.62612
226700 -0.190915 -0.730923
226800 1.45636 -1.27443
226900 2.62762 -0.173367
227000 0.801619 -0.758841
227100 2.03808 -2.48752
227200 -0.437126 -3.08009
227300 0.184557 2.87304
227400 2.42695 -4.41144
227500 2.11932 -1.2836
227600 0.189549 -1.13202
227700 -1.21892 -2.3631
227800 3.44765 2.25583
227900 1.49297 0.331634
228000 0.320828 -2.33002
228100 0.904088 -0.371775
228200 1.37226 -0.73555
228300 -0.0278956 -4.64132
228400 1.36982 -0.694948
228500 0.425272 -2.75121
228600 1.78623 2.9297
228700 4.33916 -2.21442
228800 -2.54785 -1.34307
228900 -0.931184 3.3775
229000 3.40075 -5.08419
229100 0.373131 -0.376387
229200 2.30325 -0.267766
229300 1.00801 -4.26517
229400 0.310267 -3.5077
229500 1.43545 4.43856
229600 1.97024 0.385826
229700 -0.865836 -0.32405
229800 1.33882 -4.85519
229900 3.53529 -2.08571
230000 1.16968 -0.536847
230100 0.438046 0.274012
230200 0.667166 1.54463
230300 2.05875 -3.36796
230400 0.291615 -1.81336
230500 0.508091 -4.83284
230600 0.679921 -0.0342475
230700 3.72019 0.535286
230800 0.984505 -2.30916
230900 0.161453 -1.23813
231000 2.44971 1.39528
231100 -0.0736451 -5.55145
231200 -0.389823 1.6211
231300 3.02754 -1.29215
231400 1.12645 -3.63153
231500 1.02593 1.93671
231600 2.08198 -0.529164
231700 0.0843652 -2.26816
231800 1.56232 2.0278
231900 1.87219 -3.74071
232000 0.936342 -0.524654
232100 2.35391 -2.57508
232200 2.26785 -3.18538
232300 -0.980491 -1.8333
232400 -0.22519 -1.24638
232500 -0.160081 1.84231
232600 3.07836 -0.554695
232700 0.424785 -4.22877
232800 2.68591 2.88948
232900 1.21953 -3.36747
233000 2.54503 -2.88563
233100 -0.912184 0.311969
233200 -0.4176 1.87336
233300 2.95948 -5.44157
233400 2.51516 0.0570056
233500 -1.50661 -0.843026
233600 1.06996 -1.1257
233700 3.07823 -4.24414
233800 4.33513 -1.09241
233900 0.2607 1.19819
234000 -1.14141 -1.10095
234100 -1.53338 1.74895
234200 1.53008 -4.20332
234300 5.39811 1.18432
234400 0.125707 -5.5077
234500 0.95048 -0.361704
234600 2.66603 -1.11333
234700 -0.102024 -1.68339
234800 -1.86552 -1.0002
234900 1.32018 -0.212542
235000 5.49132 -1.61639
235100 2.58453 -0.507102
235200 0.0741598 -1.15785
235300 1.69288 -0.126458
235400 -1.10649 -2.22457
235500 0.320601 -2.90567
235600 3.01982 0.768445
235700 1.0053 -2.87957
235800 1.33844 -0.519023
235900 2.63549 -1.62196
236000 -0.206674 -3.18591
236100 2.90529 2.32043
236200 3.61449 -6.59527
236300 -3.12996 1.17183
236400 -0.508935 1.18266
236500 -1.08972 -1.90522
236600 5.76565 -3.00909
236700 2.96125 -1.44709
236800 1.51457 1.1993
236900 0.302176 -2.57183
237000 -1.35386 -3.86013
237100 1.89034 1.23019
237200 4.12767 -3.62111
237300 -0.932855 -0.673442
237400 3.94981 -0.364581
237500 0.412716 -3.39991
237600 2.05036 -0.0511566
237700 -2.1254 1.7722
237800 3.2779 -1.97147
237900 4.01151 -3.04099
238000 0.277338 -1.17219
238100 -0.961045 -1.11653
238200 0.144806 -2.9425
238300 1.71108 -1.66567
238400 1.45905 1.16799
238500 4.23683 -1.2183
238600 3.04347 -2.46311
238700 0.762304 -1.51117
238800 -1.12916 -2.23303
238900 1.22958 -1.34922
239000 0.251407 -0.48483
239100 4.0716 -0.991318
239200 0.786873 -3.32885
239300 1.48549 0.320706
239400 1.393 -1.49461
239500 2.9498 -3.81671
239600 -0.955403 -1.61236
239700 1.65415 1.12872
239800 2.4672 1.12115
239900 0.677355 -1.29922
240000 0.077188 -2.78183
240100 3.59638 -4.19133
240200 1.03043 -0.592367
240300 2.49026 0.365044
240400 -1.38538 -1.20738
240500 2.37244 0.363034
240600 0.259685 -3.23889
240700 0.239935 -2.61996
240800 3.07185 -4.04424
240900 3.31014 1.18958
241000 1.60245 0.0841055
241100 -1.26737 -2.16082
241200 3.54383 -2.1647
241300 -0.287941 -0.906148
241400 0.51666 -2.78484
241500 3.72449 -2.17307
241600 2.89185 0.431171
241700 2.7617 -1.23073
241800 0.378795 -2.82594
241900 -1.99732 1.37946
242000 -0.242711 -6.90778
242100 3.3612 1.14672
242200 4.02792 -1.16111
242300 2.31636 -1.03281
242400 1.66578 -2.66456
242500 2.05313 -2.57142
242600 -0.409894 -1.8034
242700 1.6697 0.462111
242800 -1.94208 -1.35656
242900 4.65168 -1.72969
243000 2.405 -2.58215
243100 1.74312 -0.561223
243200 2.32271 0.985769
243300 -1.20361 -2.38267
243400 2.81307 -3.79335
243500 0.0505349 -1.79914
243600 0.664033 -1.85354
243700 4.83176 -1.07235
243800 0.469962 -2.59569
243900 3.37604 -0.800625
244000 0.98911 0.193014
244100 -0.263611 -3.95853
244200 1.40465 -0.463753
244300 0.741644 -2.36504
244400 1.88736 0.214144
244500 4.15145 -3.8221
244600 1.63213 1.41708
244700 3.47549 -3.76773
244800 -0.402723 -0.192767
244900 0.615641 -2.20489
245000 2.13253 -4.50633
245100 -0.298858 0.962032
245200 0.723314 -2.41969
245300 1.624 -2.62011
245400 5.59113 1.35496
245500 2.58683 -0.851413
245600 0.832081 -2.26824
245700 1.20249 -1.48053
245800 -2.26637 -2.59024
245900 0.0320304 0.57013
246000 0.595831 -4.79654
246100 4.30273 -0.0189672
246200 6.62916 -2.86074
246300 1.80155 0.772536
246400 2.19279 -3.16234
246500 -1.18809 -3.52404
246600 -1.57999 -2.88462
246700 2.49835 3.08201
246800 1.35183 -3.87103
246900 5.27122 -2.5209
247000 0.637675 1.67029
247100 -0.735791 -4.36605
247200 6.11278 -0.588813
247300 0.407819 -1.26679
247400 2.80141 -3.84894
247500 -0.35211 0.747893
247600 -1.70174 -1.56686
247700 3.99734 -3.63433
247800 -0.262176 -3.7224
247900 2.88038 -0.371418
248000 4.55222 0.212371
248100 2.20654 -2.46099
248200 0.424642 0.235009
248300 1.82674 -3.23835
248400 -0.145227 -2.59688
248500 2.5461 -0.749317
248600 -1.43728 -2.64688
248700 2.56159 -3.1783
248800 4.776 1.05235
248900 3.921 -2.02661
249000 1.47523 -1.51469
249100 0.602086 -3.98377
249200 0.918426 -1.3239
249300 -1.01554 -1.93353
249400 -0.852167 -3.10505
249500 4.48599 3.20079
249600 5.25209 -2.42554
249700 4.38757 -4.09788
249800 -0.899836 -1.2934
249900 -0.231325 -2.71184
250000 -1.44536 -0.25437
250100 1.58722 0.154183
250200 5.9986 -3.17326
250300 6.52826 -4.2771
250400 0.240134 0.610771
250500 -0.59772 -5.47796
250600 0.0440581 -0.0947631
250700 -2.01804 -2.49442
250800 2.86917 1.03609
250900 5.23469 0.00438784
251000 2.84172 -5.44751
251100 4.0648 -0.530185
251200 3.01002 -1.01888
251300 -3.34712 -3.44728
251400 2.71659 -2.1982
251500 2.00218 -3.38814
251600 1.02961 2.92965
251700 1.50432 -3.61892
251800 2.54895 -6.04828
251900 4.18336 0.0503707
252000 1.22127 -2.88681
252100 0.0654959 0.698169
252200 1.62208 -2.17703
252300 3.40014 -1.88068
252400 1.8839 -4.84874
252500 2.66308 1.2526
252600 2.53219 -6.21901
252700 0.672222 -1.28174
252800 1.67768 2.09214
252900 0.368717 -2.31645
253000 2.0435 -2.82065
253100 4.61031 -1.07328
253200 4.13644 -4.88993
253300 0.766137 0.515138
253400 -2.724 -3.60365
253500 2.16144 0.427808
253600 4.19154 -3.13547
253700 1.38944 -3.93609
253800 4.96149 -1.04204
253900 3.37091 -0.782726
254000 0.404042 -2.71519
254100 0.277904 0.635113
254200 -0.147421 -5.52074
254300 1.65305 -3.77231
254400 6.49353 -0.952389
254500 0.0691829 2.03905
254600 2.68213 -2.52695
254700 1.36848 -2.34146
254800 3.93947 -1.5539
254900 0.147074 -4.49639
255000 -0.168445 1.89944
255100 4.22506 -4.20506
255200 1.47356 -1.49711
255300 2.20379 -6.10838
255400 2.18274 -2.94127
255500 2.43478 -1.40422
255600 2.43617 3.11179
255700 -0.237877 -3.00651
255800 5.13275 -0.889699
255900 3.37229 -3.96294
256000 -0.726781 -2.56951
256100 -0.672648 -4.35979
256200 -0.140706 -0.967577
256300 6.34713 -4.62004
256400 4.88946 3.49596
256500 -0.459088 -1.85769
256600 3.44631 -4.08203
256700 4.71958 -0.381307
256800 0.472927 -5.11549
256900 0.281512 -0.851532
257000 1.25104 -2.13099
257100 0.946812 -3.32048
257200 3.586 -4.02697
257300 5.6676 -1.22806
257400 2.90795 -0.361606
257500 -1.07838 -2.03855
257600 2.24647 -2.2653
257700 -2.52144 -2.61168
257800 1.4889 -0.924589
257900 6.53598 -3.57567
258000 4.74065 -1.23099
258100 4.80835 -4.19142
258200 1.95403 -2.49507
258300 -1.59219 -0.935768
258400 -2.7391 0.401754
258500 2.02418 -2.38777
258600 4.11426 -3.39982
258700 4.6703 -5.52014
258800 5.49075 2.27335
258900 -0.117432 -1.89482
259000 2.7106 -3.40729
259100 0.471818 -1.81784
259200 -1.3103 -1.02716
259300 5.15975 -3.47941
259400 3.1483 -2.45951
259500 2.98101 -2.971
259600 2.43318 -0.370579
259700 -0.4605 -4.45775
259800 -1.02023 -0.756897
259900 3.80525 -5.04288
260000 4.77594 -1.03689
260100 3.64119 -0.389137
260200 2.66421 -1.49556
260300 1.66028 -3.44905
260400 0.539528 -2.94796
260500 2.16486 -0.272885
260600 0.418523 -2.00447
260700 3.89871 -2.02633
260800 2.62278 -2.16892
260900 5.28953 -2.78168
261000 1.72405 -8.68521
261100 -1.02643 0.32427
261200 4.36685 -1.11027
261300 0.0510396 -1.00477
261400 4.31165 -2.21979
261500 4.26847 -5.22294
261600 2.9109 -1.75929
261700 1.60793 -2.79924
261800 -0.791496 0.657399
261900 1.42211 -3.29659
262000 8.56204 -5.8093
262100 2.90647 -1.86759
262200 0.020856 -2.23103
262300 2.75731 2.45361
262400 0.00126397 -5.9009
262500 1.88366 -2.52154
262600 2.86652 -0.833889
262700 3.24004 -3.89199
262800 2.69216 -4.04112
262900 3.1399 0.982258
263000 1.44791 -2.84666
263100 1.813 -6.95292
263200 2.91553 -0.369195
263300 4.45565 0.506086
263400 2.62786 -0.24771
263500 1.11232 -5.65213
263600 -2.04333 -2.81024
263700 1.78307 -4.19725
263800 4.97346 -0.221986
263900 1.95711 -0.582499
264000 4.70774 -1.92258
264100 5.46182 -3.7779
264200 2.32316 -5.0595
264300 -0.220774 0.821291
264400 -0.372384 -4.89861
264500 4.47826 -4.38761
264600 2.24451 0.501331
264700 2.8293 -1.17067
264800 3.46159 -5.39894
264900 2.78457 -2.08719
265000 3.78026 -2.92245
265100 2.65941 0.409996
265200 -2.14612 -3.34025
265300 0.725737 -3.01831
265400 3.66397 -1.66121
265500 6.88289 -2.35265
265600 7.29245 -4.39454
265700 -0.428509 -4.14473
265800 -0.952927 -2.17557
265900 1.88083 -2.52358
266000 1.07579 -0.902107
266100 3.36864 -3.22866
266200 6.27432 -1.8147
266300 4.00261 -3.17117
266400 1.77163 -1.63213
266500 1.09588 -2.83448
266600 -1.64239 -3.7934
266700 5.37597 -1.50343
266800 1.97093 -2.42484
266900 3.11647 -2.80699
267000 5.47538 -5.05361
267100 2.15224 0.161983
267200 3.68624 -2.72954
267300 2.05059 -7.25853
267400 -1.31159 -1.10389
267500 4.43257 -0.87244
267600 3.06836 -2.26317
267700 1.5917 -3.73569
267800 2.01546 -1.52305
267900 4.58538 -4.9895
268000 3.97887 -3.338
268100 2.61962 0.471895
268200 1.63149 -1.62219
268300 1.61751 -2.86563
268400 5.25114 -6.97009
268500 1.4212 -0.496841
268600 0.938694 -1.47004
268700 3.1151 -4.15239
268800 2.32975 -0.903136
268900 2.64172 -3.6543
269000 5.45036 -3.42738
269100 2.86924 -1.86214
269200 3.51424 -4.14758
269300 1.77972 0.502629
269400 3.74156 -5.11907
269500 0.28518 -0.963562
269600 1.90995 -4.90752
269700 2.58848 -4.6541
269800 2.66361 0.826687
269900 4.23059 -1.64844
270000 2.70834 -4.26372
270100 6.86011 -4.99239
270200 3.70527 -1.40942
270300 -2.5014 -2.64717
270400 -0.3583 -3.11492
270500 3.05976 -3.89319
270600 5.61282 -1.78244
270700 3.85384 -1.23602
270800 3.91501 -2.69598
270900 5.48421 -3.14377
271000 0.465928 -0.118451
271100 -1.01122 -8.03423
271200 0.0790459 -1.78666
271300 4.93769 -2.58558
271400 4.33473 -4.53169
271500 1.83525 -1.6182
271600 4.08007 -1.63252
271700 4.88803 0.692846
271800 4.70398 -6.22271
271900 1.49096 -1.81048
272000 0.789469 -6.33592
272100 0.116824 -2.10779
272200 4.34762 -3.90148
272300 6.61288 -3.76205
272400 3.86687 0.00273015
272500 2.95763 -1.37811
272600 1.40355 -5.1181
272700 1.31934 -3.17856
272800 0.956322 -2.76839
272900 2.82396 -5.22576
273000 3.82166 -1.12425
273100 4.21184 -0.413613
273200 2.38792 -5.01856
273300 4.23748 -0.744357
273400 3.88655 -0.948331
273500 3.88934 -4.12299
273600 -0.653494 -3.53172
273700 -2.98011 -4.37091
273800 4.90355 -2.96074
273900 4.44026 -2.76963
274000 7.07438 -3.55904
274100 6.46694 -1.97951
274200 -0.57038 -0.569338
274300 -0.851744 -3.10927
274400 2.45402 -6.7167
274500 0.88223 -1.27607
274600 4.86521 -1.43666
274700 7.08093 -2.8679
274800 4.7108 -4.0312
274900 2.77571 -3.75705
275000 -0.0572717 1.64926
275100 -1.02781 -7.12592
275200 5.16617 -3.63527
275300 2.88401 0.258481
275400 3.54148 -8.32918
275500 4.90478 0.331192
275600 4.8407 -4.2205
275700 2.30237 -2.50158
275800 4.11488 -4.33239
275900 2.40032 -1.98632
276000 -0.00305943 -3.61677
276100 5.62093 -4.37821
276200 1.08826 -4.42772
276300 1.73358 -2.1327
276400 6.93726 -2.66598
276500 4.29215 -1.8364
276600 5.51562 -3.21871
276700 5.06781 -4.10419
276800 -1.4908 0.784846
276900 0.030839 -7.29093
277000 1.40807 -5.86932
277100 4.60122 -1.24503
277200 4.7084 -0.733185
277300 4.87715 -4.39782
277400 8.48233 -4.7151
277500 2.40329 -2.4657
277600 -2.86246 -3.24938
277700 1.8441 -4.08742
277800 0.0794606 -1.9126
277900 3.70324 -0.621127
278000 4.38819 -5.63212
278100 8.41747 -2.96486
278200 4.95409 -2.29743
278300 0.601659 -1.56314
278400 -1.28458 -4.58907
278500 2.64521 -6.6929
278600 0.914054 1.45833
278700 5.36827 -2.44445
278800 6.37448 -8.05567
278900 7.08598 -0.459997
279000 4.48749 -2.92336
279100 -0.116264 -3.53901
279200 -2.36158 -3.298
279300 1.02338 -4.55879
279400 6.51872 -1.80781
279500 7.13186 -2.77668
279600 3.99536 -3.65824
279700 4.40717 -3.24934
279800 3.73357 -1.25599
279900 2.90894 -3.02377
280000 -0.289284 -7.21572
280100 2.54017 -3.7125
280200 3.60601 -5.19671
280300 4.62333 -3.51307
280400 3.82271 -0.877209
280500 1.69518 0.327484
280600 5.98056 -4.37291
280700 4.99957 -5.40598
280800 1.06379 -4.34042
280900 2.99621 -2.57514
281000 2.05104 -4.97464
281100 2.57121 -2.52979
281200 4.29281 -0.22731
281300 1.62312 -4.78107
281400 4.16292 -3.16608
281500 5.87464 -2.95593
281600 5.18537 -4.26521
281700 0.946138 1.25003
281800 2.12631 -7.44102
281900 2.94663 -2.67637
282000 2.13922 -5.47617
282100 5.22189 -4.22832
282200 7.17219 -2.33346
282300 2.04097 -4.26046
282400 5.33308 -3.09166
282500 -1.61725 -2.55687
282600 0.602142 -5.66832
282700 3.56095 2.19114
282800 5.88452 -5.78941
282900 6.3705 -4.09127
283000 6.32263 -2.65871
283100 1.78152 -7.19078
283200 2.05944 -2.34367
283300 2.21495 0.16378
283400 2.64646 -8.33259
283500 1.63732 -0.209743
283600 7.266 -6.48998
283700 4.84229 -2.18231
283800 2.61494 -5.87112
283900 2.60165 -1.84006
284000 0.0360067 -0.0326026
284100 6.07414 -3.29713
284200 6.29907 -7.18415
284300 0.153066 -3.76328
284400 3.48596 -0.615279
284500 2.85141 -1.75899
284600 6.28354 -5.0725
284700 3.21914 -4.0359
284800 4.47897 -4.03102
284900 3.69728 -1.83013
285000 1.68172 -4.25079
285100 4.02193 -4.33315
285200 0.426085 -2.22617
285300 4.84694 -3.30424
285400 3.32841 -7.20698
285500 6.41114 -1.89747
285600 1.75081 -2.73937
285700 4.96062 -2.96516
285800 2.694 -3.51865
285900 1.95642 -5.12369
286000 4.30426 -1.52441
286100 3.98572 -3.75629
286200 5.70698 -3.46579
286300 4.06712 -4.12855
286400 -0.1462 -6.13226
286500 5.89252 -3.87561
286600 2.9105 -2.8628
286700 1.62636 -3.00498
286800 4.03547 -1.79428
286900 8.44512 -5.17725
287000 4.68165 -7.01046
287100 -0.0221436 -0.311643
287200 2.86593 -2.89089
287300 1.54831 -4.97475
287400 5.1826 -5.09283
287500 8.43832 -1.18957
287600 2.36052 -2.0425
287700 6.2077 -5.17666
287800 0.263512 -5.8949
287900 0.420575 -4.88848
288000 4.84549 -2.5452
288100 3.62011 -5.10057
288200 6.57704 -4.19116
288300 3.91368 -2.23353
288400 2.4678 -1.80546
288500 7.91595 -4.7966
288600 0.984364 -3.7537
288700 2.28577 -4.45614
288800 2.27311 -4.35747
288900 5.0293 -0.768727
289000 2.76819 -5.72991
289100 3.63476 -7.77293
289200 5.37426 -1.56609
289300 3.63828 -0.930995
289400 4.21656 -3.64079
289500 6.6562 -2.06782
289600 2.96077 -9.65357
289700 2.78148 -2.35163
289800 0.244727 -2.52893
289900 3.04635 -4.10484
290000 2.75878 -4.01254
